0.6518317733753533
0.5942916548407159
0.04795704926234747
0.07418358485482364
0.6099016266506474
0.49765018086487484
0.38623923631483875
0.5563451098066007
0.0445356154456017
0.06766702472536557
0.15502263150130757
0.14656752700381204
0.09011433566385535
0.04309169525519057
0.07246958105257977
0.645014801422604
0.040012702112272536
0.049879530088795906
0.0573132613092936
0.6120379510247174
0.07574167058922356
0.40342405343007287
0.0507233265954831
0.4894108852816979
0.20003812835450674
0.19413682095537077
0.02903784241743588
0.8013992764828028
0.08335054882333044
0.10735084954338388
0.039480992575016256
0.1311756632505155
0.09240965383191937
0.07986852951334182
0.11198695465518446
0.2084441823073668
0.33142450257251627
0.06378077950698564
0.1381046663093033
0.11994013051824713
0.7731987528711973
0.0955524881942008
0.16990966108226543
0.07203180942527501
0.042945571931702946
0.05212260669792289
0.08376178627459063
0.13620938840025634
0.3668916382564163
0.07118940774278044
0.1809310364924585
0.06837161665935115
0.1297302417034853
0.6346866427653237
0.0800022510424501
0.03349888131673241
0.041676868716062604
0.0677777296156585
0.19574284430874717
0.5458719703842076
0.008823151479027506
0.22950986961958153
0.16164348352839936
0.5518130217023585
0.38151436372524733
0.11017885406101377
0.8749665491729125
0.09422190602366004
0.28643796799295645
0.05098504093199604
0.8970207317393946
0.4958283346168673
0.3879402501472947
0.09246123910238425
0.07529201058994561
0.02631875327964137
0.03259299224953164
0.7045073973838217
0.047910617384135386
0.4773358059726527
0.5962021781779104
0.029094543707998972
0.05980957826140426
0.07296110526851797
0.05792341982687301
0.8037345481068576
0.2147186092436025
0.7657173877086253
0.36867009480167295
0.18117974984595794
0.002954623962723766
0.12202688375050613
0.01780242208091091
0.09233006825978123
0.02864162123736261
0.03517883156055833
0.23127747698849835
0.46031922119160745
0.5146404673557655
0.25825125656312564
0.5027775143482273
0.02326000864986325
0.07098246328182668
0.4348464114418198
0.02746775817426195
0.22069500042829046
0.4901767330925486
0.9563635950459202
0.5429616822427777
0.017147805518298538
0.07049153235621587
0.5689690345103142
0.07937239398494231
0.5254836462032637
0.15553470022483548
0.0183250919631426
0.30783166482701024
0.01059446373350862
0.008857486570590887
0.09346473953058851
0.10671345836586629
0.01581060711881475
0.01159010693999117
0.019130695561542652
0.007595759902617928
0.17835633051048597
0.15778129439707908
0.21595765887081045
0.0447563562809158
0.35980683555618054
0.17913400622067815
0.0037412572004562714
0.04227077903524065
0.1634280222715598
0.01908293490446088
0.40379219960917434
0.05415634108531804
0.08001037475083816
0.05108210743292776
0.409637131198714
0.2649173089861742
0.34366216742666494
0.06321488028573784
0.038839137101696994
0.17862928511294307
0.03873115230206926
0.14057815355185715
0.1110321675674409
0.26976535878736135
0.30907309361150015
0.07449920119323893
0.8032008133431989
0.021564741710920085
0.06728987455445258
0.15255743238310487
0.08691961346192942
0.20674904120533205
0.04425048079912575
0.21296869697594537
0.09109341170423813
0.014789014336356666
0.04202480503504692
0.0706512469664942
0.14413865832230885
0.10186945493118667
0.3432418534482928
0.022271320047266403
0.09497490990264201
0.1500948825917807
0.0035015241921231275
0.003994949214956952
0.30648742132266116
0.09627396559703186
0.03297662423443402
0.0937453260919208
0.025135122723820392
0.09639347733745768
0.8082338284487198
0.2967394345350493
0.013690313759375437
0.11568082270871231
0.16487343322738926
0.6853481983737796
0.13301493678293266
0.08202830766256153
0.3447004165424683
0.2668680735021101
0.02924373646766718
0.1171117862889758
0.16849635426990553
0.2940207572062213
0.246908430843451
0.3129683579344635
0.14493002511253883
0.39521327816153784
0.1712931217654174
0.013707286456907405
0.6005050518340597
0.6769426926071296
0.3330686886217953
0.2794478656861656
0.5461424321667482
0.13280350948270617
0.9527116393080236
0.04527050309742831
0.7746131627943055
0.0188935822827516
0.1662195082854304
0.1586123721954359
0.3984584866808867
0.055341527847255385
0.06479198235109529
0.2429654522227802
0.15298354088024957
0.747881210920613
0.08223838605257222
0.06989017868294582
0.09297509589908375
0.6218449852042346
0.49432289375185334
0.016860331297454987
0.0033700308553329793
0.06823823132789941
0.4729464341362178
0.19495419051650628
0.030794316075924803
0.3457936510274489
0.5266526519151123
0.006773201315288135
0.04843266157515709
0.2766958443139014
0.05953083482383392
0.12018377495824031
0.10557003883045749
0.03299226990264163
0.04506037404379409
0.021981521231291087
0.16917685186290765
0.20700468773494426
0.3294640572138145
0.34137267519575926
0.37930693632256773
0.3797805028737993
0.17992592461026066
0.08421897502965515
0.11696382235751193
0.056761412225572114
0.40536801682133994
0.23972847690400997
0.23002310969493422
0.011915522114922552
0.018287193236800652
0.0656102246335734
0.0721630285442899
0.029033302628374977
0.010337072296584935
0.27418861061493993
0.25736491576690723
0.1921383837924462
0.09328000923079507
0.09762230700405633
0.2173491770913923
0.17849163987526068
0.02825150199382249
0.043514428084781565
0.15977655266463212
0.1125683867083685
0.27402679053812723
0.13378969001469385
0.02344496016541755
0.0690026721884421
0.8570919191947117
0.24665487907895883
0.07405893606190109
0.4541229098318508
0.04488362876989165
0.297735798250992
0.9820279761924179
0.022591676767132907
0.20899304152325016
0.2330880489847171
0.06513423469748467
0.08926452352116244
0.04736842229613951
0.023080986808347283
0.05810222159573715
0.010548809453363752
0.15712050416431558
0.5678401603986059
0.3153138978659253
0.8800060975940525
0.08551275392133328
0.4835452258073528
0.0437318078090373
0.570278269818867
0.5197534231468465
0.24254033409451872
0.4208968417738071
0.04696608703648074
0.03146771879619312
0.08753675363015244
0.07462222204391432
0.24745255699770177
0.02490799209703344
0.027716805328542093
0.09708973145444705
0.442657109254383
0.018919059223824936
0.33408760844457935
0.2926812365423196
0.054438439515392414
0.011272507933009768
0.20840106575610076
0.1251561397273939
0.2744480068128866
0.6798183221056504
0.23200637288746798
0.8057419408230966
0.32190905775365347
0.004077513095804278
0.31354453817520406
0.10150970564304745
0.323430719795735
0.06642669677189897
0.2240492062271673
0.15652765355164674
0.1359926673909196
0.11916916770769923
0.05536633268507531
0.5145285212497145
0.2415489420827869
0.6470384888579075
0.29137377204207693
0.3263905226792393
0.03372934183122778
0.020346248513735052
0.12478785890811472
0.1365355122509715
0.020653458497040495
0.07999161696694154
0.4743702489532326
0.5200163830684682
0.00888455927797616
0.03214463935062213
0.6800149191572441
0.3088441646955818
0.044898827759545935
0.5206203964316649
0.8387182331096371
0.1759498915536984
0.45480187366802943
0.17880817461039267
0.4326856081658184
0.018841764739205583
0.8493913647725332
0.3494505676236299
0.16265723583701247
0.6548144129626943
0.05407834209776163
0.2904746754405266
0.5076445308209189
0.19925736026295063
0.02361093388708648
0.10369739809919208
0.3738103560461083
0.053722585367203604
0.385439658827483
0.6192615516210718
0.4830145852971368
0.7306090845130881
0.8822089579622704
0.7511241523604169
0.7974125469399888
0.02400883191527302
0.014542959035335609
0.5172181065183249
0.22845156903345992
0.7398732305699315
0.019237685075205017
0.390730023597522
0.0368418724894334
0.5279707011110621
0.1263923769610794
0.07754405411784883
0.004513989023628379
0.04682452224633074
0.6620828619314163
0.8406214714916114
0.17634026772949746
0.022406430525103604
0.5834616988386179
0.7350809144496426
0.6481337435157424
0.45904472708335187
0.022777010861771287
0.05668150016749203
0.09855185686213491
0.2756194819359668
0.18780936909121762
0.2684517741543672
0.13204201690999703
0.5213625795441276
0.2751365874077154
0.488819518531101
0.17121047682345292
0.576991010061992
0.07616732695154096
0.7514514779790156
0.5836800686046222
0.07346955146355515
0.2562655259812258
0.3827311246911017
0.41967588040499126
0.8449719848836644
0.6585682928070186
0.09759691275167189
0.39279735548841366
0.3234601252031702
0.32297082275336425
0.5882462468223864
0.6326968441173252
0.08250356853893859
0.5835522459146278
0.7986538001871061
0.5598821796117419
0.5721281812774388
0.467276335313388
0.5265479248256277
0.46349097069876294
0.5560368148546218
0.6103767155176958
0.1795831088498043
0.042730566746369006
0.1730896356909103
0.5100602469267396
0.23902557757921503
0.013523718761157192
0.7168598716098243
0.29805580784956026
0.5580224067106385
0.3419827501540819
0.6244930608557172
0.3877850510708683
0.7416125894521595
0.18092839195583502
0.48446696400028855
0.14321202954965767
0.6277841946267585
0.07209725769785429
0.34432230634572025
0.0811761173203456
0.17854325163904816
0.03964202020090784
0.5998647504262846
0.0702934062395217
0.37465304963925167
0.4867261479658377
0.8867122619981143
0.05096060272856469
0.42936673402384723
0.7452364908155352
0.37339735428406545
0.5669743107890569
0.6261835200875578
0.6087473179094428
0.04320922679545187
0.04580359348543591
0.520150358937409
0.3012475411008122
0.37106223514344366
0.164577374361147
0.674629892732605
0.5790533677753429
0.30130032972114645
0.04191565609283626
0.5197422848456957
0.039325577962043244
0.5034389523963323
0.06087002905713028
0.6903346915383216
0.1252944047947116
0.5354371570688458
0.2318429590331115
0.06525257163009685
0.3510949830051881
0.17960071220967655
0.2665465950796281
0.122805789425289
0.5754635825631609
0.08097259419378379
0.6939205545605379
0.38472920634369256
0.1456170882166254
0.7656766609494918
0.6234387722549226
0.1492283021790511
0.4842932106273228
0.5067550770875971
0.01067440942781097
0.05887421721428373
0.6577009864925789
0.04827298836187642
0.1445210018638019
0.049241378589200094
0.08436905021052393
0.01798971753751168
0.22131406286499145
0.3493782758914132
0.02395055974452364
0.09083549775985018
0.04225220204140173
0.005275977196310969
0.013567354728099505
0.024015458987924787
0.39882329726181964
