0.6399264410362764
0.45151651385915764
0.11724381521296434
0.11480964954343716
0.7593672764612271
0.41555287982687317
0.45283306418537184
0.35406755993434136
0.08101967483143929
0.1601311306341819
0.09127274803588802
0.24030703894245609
0.11125393037305607
0.07170717034935128
0.15537857345374362
0.5223436784985168
0.08720523725367564
0.14420122826101106
0.06989373513429896
0.44938582769500707
0.15095010131486408
0.40156735680931643
0.06691817261948182
0.4374930794509799
0.18577923659558299
0.14132331939935003
0.062298165035458486
0.8592330202798857
0.17678889214738527
0.14733151514967774
0.07718615246032992
0.18647379959627197
0.13509642627080384
0.12677433931383955
0.128512360522123
0.35056688416797094
0.2874016804064225
0.10577701971240103
0.23074799378729824
0.10719744415059489
0.6248730657676931
0.13170487425383778
0.16994821717814926
0.15658059763599208
0.06455371408219773
0.08331571740285187
0.08856696283255196
0.129707881151853
0.3679985363906868
0.15453973467990773
0.15413017469036747
0.1954071172624337
0.3712865174577979
0.6677106397144374
0.13282330762253539
0.07288742351462192
0.0702136400010129
0.06913569057893858
0.24211954284356113
0.597088739175811
0.03614643186815594
0.17999651081451484
0.13031283707985433
0.6015705075292832
0.30586761326166834
0.11275748758199064
0.7983103985412928
0.08861898688379963
0.2740398736489774
0.13000437473334572
0.8750897738397635
0.31817388810784514
0.33984472389210724
0.1904623795593046
0.20352177557827145
0.03428904341083221
0.07009922863109366
0.4827232297023489
0.1096665990954435
0.4401074271568409
0.6484943004326115
0.04318242139565034
0.10421207459294507
0.12048374959216508
0.0669691675698931
0.7336427192753029
0.258498657773285
0.5253559517667332
0.5048687041265554
0.2752414900867923
0.018618293028386076
0.13076849143529412
0.04287147102910889
0.11402205234625981
0.05260125847628692
0.1382279382905174
0.11370640438628259
0.7161214484792479
0.4665171366565093
0.4007291747608772
0.5113821097506139
0.08228337667336835
0.14297258815124692
0.3340214899639284
0.07797473669137092
0.5042787997255551
0.3982837813839829
0.8698372291553564
0.4847170277356344
0.06802222171314648
0.14229435758659628
0.33837954237436607
0.13138700695423336
0.4884924154302467
0.4037392833404986
0.07485492886148122
0.5291496707255339
0.052531633103644254
0.027648530332417147
0.13606626657180548
0.2189617065942117
0.04913631137679586
0.0492305326048824
0.04772074882462864
0.034018062922127536
0.3026864494435916
0.12871968435052134
0.37460678075314824
0.10122062379201673
0.38295313470668585
0.2011463249383155
0.024486356430721987
0.05233337997097799
0.18558166549784777
0.06911919030096686
0.179255366970645
0.0873549217215277
0.07549988889991911
0.09189706781306427
0.24323962376145136
0.35098742447360237
0.44070243198409037
0.108220825526418
0.08183404581526633
0.17776886834195962
0.09989616416456247
0.12044014915215688
0.19266115056641156
0.2660267863259883
0.29753545215855653
0.1238532569617062
0.5993741048953655
0.03886879818392517
0.07557489525317564
0.17968035038825103
0.10504461331172682
0.3296630970446963
0.08523574054161899
0.18402636612756895
0.08137019797835071
0.03669904563141304
0.09973490962357018
0.07675037410863525
0.15569567229821854
0.11210266225159704
0.2709958247586296
0.04183675511605417
0.2150987230877332
0.13307537984159654
0.022444812110808246
0.019687483758559863
0.46348301881087883
0.15838674402227182
0.13102886184323906
0.11797677408986491
0.056761203150030234
0.10197203963353946
0.5590622217539459
0.24300181693568945
0.046860293848373584
0.1379050155413262
0.3990226703734375
0.6450326999268842
0.11789425079477275
0.1383712076591217
0.3214036762368553
0.19619286349395934
0.04795928492124885
0.1364620041311806
0.1949623445869101
0.4217204265410469
0.1507574665986497
0.2852902969089103
0.13058106892720664
0.3533289720435651
0.20919148854470965
0.05253481603457038
0.4637970539990464
0.6096345207019618
0.4173592576451458
0.25418635886932556
0.6090318660347115
0.3416245508382143
0.8111833397722636
0.11172772698258913
0.7303079976217456
0.034400855088563415
0.2248678167124159
0.19599591519500292
0.3759856515404402
0.06425893894703111
0.10877009794664312
0.2750678652851516
0.12315611453724262
0.763452798452048
0.24469162137691167
0.10167263557443942
0.13698902137866487
0.47692985569362495
0.38491912683539087
0.049472125260138215
0.017342070334846207
0.10004890203081652
0.45399886254381905
0.2243121968204453
0.08194365886201171
0.38669965087417124
0.46470766404596237
0.027054022822337286
0.07937269567964429
0.312932727744022
0.09360856468322967
0.10090120992123755
0.10859758075144847
0.040831555187704476
0.10982915657450536
0.0451228619391845
0.11396323410472427
0.24146367286137974
0.26580828734207734
0.3941827856171957
0.26112869997694327
0.5642181348423161
0.24407398984657427
0.1746325551717304
0.13189713805285086
0.10364379996437896
0.41657846588385583
0.22280086370891095
0.16754788343648336
0.04331418411340023
0.03627770807523414
0.11793278232023247
0.13248810634461355
0.0708241627108894
0.04945202387276977
0.2664488946080913
0.21371132422531597
0.11509955829857638
0.0990638759437704
0.17438350789086504
0.4228362109277841
0.17268440208264127
0.06966170095064007
0.05205237156692641
0.1320083060236214
0.19588148711892267
0.22644339695416696
0.14081843514554604
0.05855710723836643
0.1499072996113654
0.7373612766531062
0.32856850108966024
0.1210839581392769
0.4480982416855707
0.03823014927431302
0.2506072601124076
0.9999892105517109
0.0490976405309305
0.3077967722098061
0.32970449269772667
0.1005225498921307
0.09375944194076366
0.1058975245408453
0.04658422229529797
0.13356783080181628
0.027507601638415844
0.16658208514418643
0.5265111495796095
0.39055277114834624
0.8615299574429357
0.09125924365141423
0.5607139503296436
0.06733582662980436
0.5509203379151646
0.5686469416664797
0.4221542666114013
0.32928709698908176
0.11772320188880764
0.05209591139957422
0.16031045314057446
0.1854564205662986
0.5036066946099268
0.11899262451922409
0.08084978462910486
0.07428785554064851
0.33163310263016876
0.056955642381557314
0.46111331800367616
0.20875724376506707
0.11218346167026035
0.04615433144542605
0.2903156237101541
0.16867838025435608
0.4485328579183323
0.5648966909801426
0.29303716916886596
0.6168751167487153
0.41681066466991906
0.018907806075995244
0.45993242089230935
0.15962871650100185
0.27300573261611527
0.16063274340400532
0.2913112945131494
0.17801448617480548
0.30949006225498604
0.12240863102597947
0.06583649983472258
0.6161403315088211
0.4150296523184417
0.5806161500034814
0.20659217097747537
0.3509382726348594
0.07398763330024137
0.04723262781556477
0.22734696161717233
0.15381496936507652
0.03768333930803461
0.06470209126800636
0.4161790274700247
0.5187750156443746
0.02497265101878484
0.10335331238269156
0.7038685382197913
0.26944369907611465
0.044440813411548055
0.5062832596915124
0.7169546065839012
0.3690930161689406
0.4465068016454062
0.12834715842429248
0.22755242211732044
0.041534278686006856
0.7599185066054182
0.4167243970461311
0.12402514711592007
0.4608163667203859
0.06870601858913951
0.1323928789642664
0.48593611540981224
0.1320874828225662
0.10558319898365989
0.17880941328527888
0.4430483622955712
0.1914208446787132
0.5803497252803618
0.6362680082958323
0.5026655587359738
0.7114147286023188
0.7277939182893334
0.6042673000611756
0.6488069890859641
0.10080019592927526
0.03307555292298025
0.5539219213062448
0.2940757490748306
0.5916969120782171
0.0507845554624448
0.5321917277644166
0.03992905026527526
0.47409110135029975
0.1256025213262081
0.10933589095710088
0.027627511856809804
0.0554245916778405
0.48304676804120134
0.9224787502936176
0.238485635344379
0.05300914118711917
0.5617357227183938
0.6377097428732265
0.5044500629642211
0.47898782510480686
0.0780435246041103
0.07139679367768141
0.24008618500179815
0.4166922806425957
0.1317381983317042
0.4386115886081229
0.21676747337294042
0.7750580235906163
0.3525509846646924
0.6966347521077079
0.15582823755858868
0.5198193825094335
0.08624408610924483
0.7687073719012849
0.7042459755535058
0.15148382572820757
0.3863845656039141
0.500556982495615
0.4263088314650738
0.7318341220403186
0.6071333078255846
0.11583423375068103
0.41430597852867407
0.4860339897191899
0.45232282966497306
0.5573186214382341
0.470230519432324
0.07209819431309086
0.531936051714216
0.7572197076261818
0.5785404971658388
0.6000901846995853
0.5155762603499651
0.502331307046513
0.31194081817570846
0.4455814708896035
0.5884242943027801
0.26971003519644554
0.054626979555544145
0.17682985233667195
0.33815671805674075
0.2744707351787831
0.04418082836228732
0.5039164830585986
0.2806242943446963
0.4728756125857783
0.3059809816387529
0.6434906468318713
0.49514030812736065
0.5810308698784932
0.3141737368489504
0.5707208534884437
0.07487290324070595
0.6150438165067535
0.10465575307627972
0.3595529947815082
0.09435380203221623
0.14206661118593097
0.17183359603579068
0.6046947963411885
0.11339055559679118
0.427162869114701
0.4737641140085037
0.6819945998165365
0.06466251315817304
0.4305782357858784
0.6465378905701621
0.3303942506357711
0.5737164521610942
0.5676293462004813
0.48484769096828745
0.0931866356398695
0.06883807128485042
0.4366940370537291
0.31247049129457577
0.3268522550780193
0.3624828795705621
0.5809276522291572
0.4022753028378912
0.40013358260333154
0.06962160837270215
0.4629271901094009
0.04806241215656697
0.47820751974565817
0.15032104064427587
0.7461954128611394
0.1554879501230574
0.49108262557555993
0.2096209467122227
0.059265593887541095
0.47743290647897846
0.2870956305257842
0.43244636165731676
0.11328397214014767
0.5813960574143712
0.09641861882430029
0.5101503905275122
0.5467759974773844
0.30828889100506734
0.6334993663315092
0.532793275330992
0.3664107541391093
0.44990634049160033
0.5742562001827619
0.0546501998419298
0.05204165453285394
0.5181565875508164
0.04035062167105116
0.2039424691623403
0.044886603907893625
0.05923565029994021
0.03475090038822023
0.3636650363373815
0.19789705381614606
0.08068667759958689
0.10327068288028524
0.04945325948196592
0.02901763276915274
0.022923694935918185
0.04932489941557694
0.46399641434549727
