0.5975286707466331
0.4609883276286844
0.06506419940727819
0.10788531785988704
0.6725392299402174
0.4175714991485316
0.3957241322948584
0.3278162960238804
0.045867505396223376
0.08056532284742773
0.10169453132073764
0.15346142246334016
0.08724715105438777
0.04025138827675394
0.09329392744677635
0.5365830212295598
0.0485709977659947
0.09513752792475193
0.03411131447938602
0.4929071494870315
0.13051053346311872
0.3489974628489779
0.045994743031602885
0.38672259875859505
0.1491911355491183
0.12219515291116809
0.038267760816987205
0.8525481187035383
0.10110072656908711
0.10622160722765864
0.03813526217506764
0.13730355540591918
0.08713442891132085
0.09695952215915697
0.10936792266666963
0.3294930793957721
0.24888348821724077
0.06560385323432426
0.14490003524679862
0.07728441070432927
0.6979850520611898
0.09331794956784249
0.15732702302134177
0.10724000189240954
0.03598434248976175
0.06759437877097177
0.07471835332003648
0.08954527669306997
0.3206124377574808
0.08997575294323638
0.11258224233235854
0.12031700097389177
0.24790271675075592
0.6117503119826321
0.07842810349959355
0.037490876949663327
0.041816356020278354
0.04422695345343012
0.21426732333462584
0.5350689241145026
0.011640235195425811
0.16836427793851408
0.11616145611778353
0.5110692326092843
0.3339926963506718
0.0878563000338846
0.842917775657121
0.07174886313427134
0.28301031146796163
0.07286492030430256
0.8789194679389914
0.2582362497172362
0.3389462724413565
0.11602636413450039
0.18899559293035645
0.02146442990658358
0.042554293664363134
0.5391125232596274
0.05739826804376548
0.36248593129558626
0.5925050144000963
0.02645243083117297
0.06393344301686876
0.0834862836298726
0.054421147365454454
0.7542972243242803
0.21628458866491607
0.5081330956957977
0.49733633949245587
0.2030673587463717
0.005110210992783398
0.0879976728907511
0.01523906062388329
0.09684298883544293
0.03755867026805772
0.08152757737443413
0.11038415513610238
0.6151979537210172
0.43480560244464916
0.3499318842554331
0.4855697982138097
0.04666496536688541
0.10330969505654988
0.2979978559420521
0.04645905312461872
0.461965786386869
0.3570958406405689
0.9160484522791923
0.4637599185217902
0.0296312309918778
0.12439830953630168
0.2923592768192287
0.07848752362681069
0.4421128027948173
0.231822329051576
0.041736965007182956
0.4722925887333533
0.025032529757217238
0.012205721281182164
0.10374935655911596
0.18858180167004884
0.02592174740514427
0.017713281046950084
0.027548211825448005
0.010646244208817712
0.24018705852896624
0.1085515073911495
0.3000665638412555
0.06495940687343141
0.322794606371936
0.18291349247363947
0.009203517306642548
0.02470886060562145
0.16565799454990712
0.028981299776202743
0.2203902928907455
0.05570701796703883
0.05191828331950223
0.06038639755728752
0.2640768583851276
0.22966777983407724
0.35196655106693076
0.07822761790478833
0.04663137446459306
0.15203145812737914
0.04784928806930007
0.11728474586057815
0.1480038132358379
0.24059897699021482
0.3248575171296657
0.0876901796403633
0.6770064661198647
0.021427134478559554
0.052406947837304665
0.11262864119498811
0.07299605096499624
0.23101642798948077
0.03888934351596918
0.16853044574452605
0.07373298521340542
0.015557918780069442
0.057807067983143084
0.0522184069492397
0.10861038481912003
0.09951857227505846
0.20753041629430113
0.01971660914968375
0.15562156582093592
0.11980144922631547
0.006018413371285562
0.00494610118372693
0.40150132825783436
0.11908771299052652
0.07537245188836435
0.07348011516677964
0.03111238758339147
0.07825031647436678
0.657659850549652
0.19960122330662933
0.015185371604964219
0.09895404819865418
0.276485428884532
0.5951659041867182
0.07804508108870438
0.07909881081612732
0.28095529611506936
0.20076613451311506
0.02387807595010106
0.08610479880074445
0.10993154900941982
0.3043944571933038
0.17260484198622192
0.22147382022473017
0.11060196332449111
0.3268040030985143
0.18339840782218159
0.020652214020561218
0.5666183808621061
0.5545307479906045
0.34852737820300944
0.2353817331114512
0.5534464435336879
0.27150875041859096
0.8722749483230022
0.07826569058595699
0.6875426863220473
0.014373200579091772
0.19595398664222077
0.13550204584118464
0.40188351397116234
0.04561422730092604
0.06799801706103707
0.292970034129369
0.10793593130538218
0.7313126050317239
0.1399435669514915
0.07519774098991351
0.08754710922911263
0.564166372094652
0.39750659795069665
0.02288594531550672
0.004904564396342357
0.06341902936619813
0.43659907687550814
0.2066431678337127
0.05190667384037927
0.3656251996886782
0.4275164803255389
0.007685537324643395
0.049319753241888684
0.31733929856270715
0.06510421163386927
0.08566683733199146
0.09172831271516842
0.020478131935821646
0.06701704426965195
0.025731419387780285
0.10722714151261432
0.17522927137531544
0.20658335141123724
0.4030177822800526
0.2519231537959545
0.45370481305095384
0.16680067050593858
0.09764722978014896
0.09490843846787428
0.05353829545287764
0.41046730462712355
0.2544432617188891
0.14196224830313295
0.017956228884345036
0.015862288324466508
0.08489168804549169
0.07609534688748254
0.026558267629108324
0.019680539363011486
0.2195835468760855
0.17419506754306632
0.11921907659109128
0.08383054452642232
0.11067465062643012
0.32000438872745524
0.1341150133436431
0.034389941093935394
0.02763955055780679
0.10901878195735222
0.15698420843098823
0.23431155023250713
0.13192695121278825
0.02893451334686811
0.10223152284469077
0.7840693866941277
0.24230581914043203
0.07800884196433816
0.36614346479999366
0.03425513910944404
0.21458175433648594
0.9966558937195534
0.026873656556175143
0.2945927778690332
0.27944411490958004
0.08445531259808521
0.05546042240230157
0.05702533245802886
0.025696868303287875
0.06897365709256259
0.011155611066392922
0.11255396930864504
0.5003461164289204
0.35943336147283944
0.8782549080179801
0.07811107537293133
0.5092723879823744
0.04590585938298466
0.4644148109917882
0.5095165595488145
0.4372378209179541
0.351866880010089
0.09609474078036022
0.0336819941267051
0.10498595546843044
0.11632625253557699
0.4053512614664221
0.05320936004151261
0.0410674870018037
0.06365174749457465
0.3856478585265673
0.020299163227816917
0.43318014489635104
0.21860388828481248
0.06098850457238205
0.017248078700765022
0.2513717072555035
0.12439985466244989
0.3847612468462198
0.5441992863995574
0.23292125395862479
0.7293627164263439
0.38311313447259987
0.006882171242649644
0.39120003010260335
0.12118298680608132
0.31342245700636806
0.11214955671285431
0.2276095314684133
0.12317050530602829
0.17115877394663892
0.08811625746848495
0.04644452731353251
0.5614336628282536
0.30653174432219427
0.580720876760989
0.2546258034500112
0.30552220008940845
0.03603597922212806
0.024123919851997255
0.1522721920289278
0.12300589657859518
0.0153592005237906
0.046783888116089335
0.4361540404355386
0.49658995925937893
0.009941153046686716
0.04843100693751318
0.6214214735473451
0.2376541501695866
0.03217276203682411
0.4683757250085242
0.7722855739620235
0.2879569510221365
0.38290142315744946
0.15175521965590638
0.21645105358305713
0.02797344750678285
0.8225225127147406
0.326909222967
0.10599490952613604
0.5798827440150485
0.04175108063619253
0.14359580669215127
0.4385709911685459
0.13283721364522674
0.07010506673912165
0.1295283733423459
0.4054587100290418
0.09809153434974341
0.4803556053992581
0.6453405420115572
0.44083624586035686
0.7229340716158941
0.7683122716714075
0.603536186284755
0.6313894295592061
0.056679739789451254
0.012731135751820945
0.5670071241296925
0.2688307947867988
0.5275855702246148
0.02275236922820219
0.4467265219433797
0.023114540557783607
0.42364534839212487
0.09736165531743847
0.0976810598021017
0.007614335736904656
0.042706469752458495
0.5558319664301644
0.8230241411974744
0.19018919003414192
0.02653503241519641
0.5282228543212122
0.6636743680303406
0.5343033270986078
0.4322770415864541
0.043843308256696086
0.0631390811792694
0.1580871378057413
0.2845716130519393
0.12367936374454244
0.3275319065919816
0.1521930702989762
0.6367086060955358
0.3094360678618162
0.6622313038751373
0.1829822829162695
0.526849773189236
0.061108571373558455
0.7590369981322249
0.6245113179373705
0.09512490424380093
0.31000009504932885
0.4349754895128474
0.3739609259005704
0.8171154521391932
0.6312442018224926
0.08634059894600662
0.37239961506445446
0.42379950239632636
0.3946649313625738
0.6172493018682534
0.48419983134460026
0.05644134106624829
0.5797159540508093
0.7393827005575533
0.5413027838481382
0.5258319636716688
0.49553790384276086
0.43567432838644443
0.33910981728251016
0.47691127527413335
0.6103751253148839
0.20316700811353172
0.036658183398079476
0.1703415756855061
0.26535776321143606
0.2679938635318538
0.01765730080497721
0.5877359066642801
0.3169841271600959
0.43775186892452805
0.24451407308654763
0.6102662603581035
0.485376686925549
0.6232133331324572
0.2819399370808754
0.5078748716845845
0.11773522402257909
0.6179613583503435
0.074568865651469
0.3524840079599198
0.06580636365032086
0.1419848849218646
0.11823153516387391
0.6083115522686465
0.07317062389307992
0.37605137622511603
0.4479659712596927
0.8104854322666665
0.043511264346703334
0.4414694422190163
0.7344858295231954
0.3274165576124993
0.5858890530598281
0.534771343653601
0.4735139823923319
0.050860922015819106
0.05253732861868427
0.42695304477672563
0.2801545171377878
0.3177259581353585
0.2781714405393102
0.6283217543349096
0.4043425667282057
0.34324042898487606
0.043796567503381775
0.4201667537282619
0.023233863953203638
0.43362686280960566
0.10172177685935731
0.6405731907617094
0.1271350324567984
0.4663850869770379
0.19948393053576124
0.044895834956912004
0.4208471885840018
0.23663161377057038
0.3682220740360217
0.09089548147873476
0.5308178380334178
0.08624159756652655
0.5285216983529686
0.5215736789275788
0.22768787000890245
0.6982843747986393
0.5224564776676109
0.27095856740610896
0.43946560314231686
0.5453531008654666
0.026509460867292757
0.027346233382471948
0.5362926438901697
0.04944584585432261
0.1656892364026661
0.03600736389341989
0.05693971126532677
0.020275162573768366
0.33571596766085643
0.1948300297155243
0.03220414207763454
0.08584842063247494
0.045813551627155544
0.009360212052346486
0.015350558691388528
0.028963656951509327
0.41265330554752916
