0.5950466523736248
0.4360597475855233
0.0796543455847717
0.1101034536251708
0.7024243750120372
0.3953209608192519
0.3724136254110202
0.34457672508211024
0.049032631771022045
0.08758297254502727
0.09083003685685224
0.1614209053874379
0.0834107135108873
0.03989192317444978
0.10279640588036114
0.5112680568504705
0.05818619337810013
0.10267744233352646
0.040891651108274495
0.5023943502199133
0.1314661098571017
0.36908777267751675
0.051778326560878156
0.3964838971350009
0.16224021198011762
0.12834606508179566
0.0353523573008798
0.8662523312886302
0.11082259542581042
0.1096289844593544
0.046847975901077116
0.1410071307077849
0.0875728539351099
0.09589953534110929
0.11250161610658202
0.31804954064766094
0.2879073206813906
0.07902947950948762
0.1415203959408466
0.08580726279936962
0.6843403125774778
0.09774132039769584
0.14424998305346975
0.118891393197955
0.03694199667259761
0.07540814216065371
0.06577087783867186
0.09699475370386977
0.3205831888561503
0.08886429953260824
0.11452463021422553
0.14035987365536656
0.26906262288406246
0.6403890441434028
0.09595927131023203
0.04510248243223271
0.04105524280948973
0.04449869316388985
0.23722590521285783
0.56092937773318
0.014250845640318076
0.16171845903313475
0.12057540817158224
0.5200868428386225
0.33605401015119396
0.09558511507793167
0.8498616229682688
0.08339996097569978
0.28479222987062053
0.08983060432389639
0.8773115113576184
0.2764654907956702
0.3521326903462014
0.12347116983844789
0.18192039144095384
0.0237200065844246
0.05298365460155642
0.5097623638888573
0.062161589953820526
0.38149789836095466
0.564366429448675
0.029006949105176913
0.06496392463414927
0.08260864764922696
0.054262063762134466
0.753811268947093
0.23909835345420274
0.5237511018019437
0.47999966738729793
0.2288501506433012
0.005914007671843933
0.08398110095470654
0.017124763313018366
0.09889026696624716
0.03796630525474976
0.09310212247657404
0.12792218000116834
0.6392322162153081
0.4336920897868049
0.33437885984626287
0.49160162595443996
0.04030549568105057
0.09977344256482375
0.3042603174757635
0.04809162451653959
0.42692102402789833
0.37896024916605464
0.9011753576003406
0.4568116238418082
0.0339635818157187
0.12891549354851717
0.30403342933065036
0.09294845153806143
0.46811615096681225
0.2566914854362197
0.03963192437379612
0.4656763070447609
0.022340817110590296
0.01241998846621661
0.10062664986575999
0.20662322779029196
0.02934037327589623
0.019902541758444005
0.027268018900530596
0.010135065439919216
0.24525917516264792
0.10625561942570433
0.2774919242520102
0.07176215643709437
0.3564722004416721
0.18344655033097715
0.009260123599630599
0.02656728792167695
0.17581330964732494
0.033255186682320914
0.2025638632327592
0.054206462236229075
0.0552844769706381
0.06272538886302614
0.2500082695177999
0.21011739679278074
0.35897121641701996
0.07087320328711104
0.04697868220899501
0.13859589569281602
0.06365989357408341
0.11459773877361344
0.13758536509412025
0.2308139947833909
0.2941664864571669
0.0874737474110282
0.6808088728698451
0.023832174005796822
0.0533725350248768
0.11361847550735421
0.07899366897025446
0.23841540287000268
0.05029690302501921
0.16512079679998787
0.0689432852329583
0.016419550200949297
0.06492853199653065
0.05881139412938067
0.1207331084712135
0.09279519516699142
0.25064076720347406
0.01793421848253049
0.15248192000479363
0.12328139387123978
0.00656394783993444
0.0061715242582721635
0.4372752596689033
0.10088745173768686
0.07673392355725664
0.07826219284324203
0.030293714009425363
0.0723563906321889
0.6576084296989088
0.1833899127503423
0.020780572966388106
0.11116148740949192
0.29999654408318643
0.6130699278799164
0.0716422561595771
0.08312808308267192
0.29992907247358047
0.1873876887300826
0.032253136907901
0.09365088526881178
0.11900136638178703
0.3050578493848464
0.16619979845128097
0.22476850861888767
0.10552596761245778
0.3522478602333557
0.18695991208464025
0.02201333880825105
0.5420814106578787
0.581856380811756
0.35844579216124756
0.23860489555687794
0.5957542902265086
0.2867027537264105
0.8650206454743199
0.0699238230624753
0.6924267280877281
0.015364735576434307
0.19539071580583298
0.13533687056683505
0.40057713223659835
0.04443908895999628
0.06561838192466823
0.28598538296633547
0.10107254905684737
0.7122909656211133
0.15564245565266643
0.08391951956269168
0.08692900493346147
0.5471062113244283
0.36387891556725005
0.02488716356721003
0.0049784809801888775
0.07029725474108428
0.4306132066273169
0.2084929840792308
0.05185729604892285
0.3639800582108295
0.4616788347785909
0.010442964292396379
0.04638332144128049
0.33575662232531095
0.0650266957335546
0.07982156707225989
0.0854221365475098
0.020897094234703786
0.06705251574036862
0.026598467916739203
0.10939395334277915
0.18345162611267563
0.21356518632550522
0.3691936198244201
0.2822936156430766
0.49137281253362736
0.152866231771489
0.10447539329162803
0.09971672476831782
0.057851689720813275
0.39705271822025906
0.23705032458531913
0.14133521634145385
0.018049693601736787
0.015812191026237196
0.08861154191891789
0.07658898705656525
0.029261534872607742
0.021122435886714124
0.2555392769471267
0.17748254347307452
0.13777304754770245
0.10206718649234552
0.12537670200560996
0.3471680136222118
0.115678483785037
0.03199687955031513
0.030219424482675027
0.11103746850545415
0.1664981015263336
0.2326828507780464
0.13120912199493043
0.036930735892395816
0.10250249493881737
0.7871714182271284
0.2531692785556204
0.08101044698162903
0.3956509907075827
0.03199986703825093
0.22834302646775742
0.9976254044507488
0.038438245250861314
0.30818711945235555
0.29518776563965515
0.08698981240391152
0.054652301437511534
0.0629499984406026
0.026620795353775473
0.07892127148429849
0.009545612588322198
0.11922169436934404
0.531357872388824
0.3321770941788785
0.8501065224109522
0.07832001919326052
0.49892192486806997
0.048090360813948706
0.48031500670083477
0.5284319024048746
0.41527606128420236
0.34060908169305293
0.09334809587259991
0.030968713224116456
0.09843656740024001
0.1200341614371756
0.40685521410487047
0.06172555661795978
0.04028107316259128
0.06436064315112289
0.3579368863050004
0.019330870074788526
0.44302204568837733
0.1816665496639011
0.069293213100667
0.020647925953851124
0.2545494130864786
0.13392753121556386
0.40336414713434976
0.5441831122586628
0.24759609967219912
0.7043300478609644
0.3965266451569511
0.006596472949444889
0.4139415040153833
0.1299928784911466
0.3193183482449058
0.11837198548603509
0.23818167157047648
0.14153730526328706
0.18066880971635305
0.10221992817992676
0.05416252789174684
0.5520774049956958
0.32356623002418045
0.5472249779277703
0.24679863955625134
0.3285476358476073
0.04065892316824149
0.023869325076678917
0.15972855836927624
0.1358591517723915
0.01495626551513818
0.05460036945404164
0.41065307865641043
0.49446914423536503
0.012960478886384914
0.05588099176141812
0.6395176993750981
0.2505330542529005
0.03239456614433443
0.45195530726872374
0.7785278333579609
0.29461378351488343
0.38587992953560435
0.1329559062149302
0.20894823047378003
0.028829963503027488
0.8135053403871891
0.3354819307332069
0.0953443873564788
0.5730351904335953
0.04792038619713788
0.1250009820200082
0.45376441178553123
0.12338444696098665
0.07795170906476875
0.12240506882575775
0.4197234774946449
0.10728788752070277
0.5435256714952452
0.6127292204439118
0.4516717771684506
0.7215989214887032
0.7840252961792832
0.5512310200258239
0.6264899157964763
0.06776925030776319
0.015268077618999168
0.5307764741277997
0.2555850895953484
0.5447989223368814
0.021437117964551618
0.4469041059451844
0.023727174666978927
0.36929693522222773
0.09396492150846926
0.09359458660775619
0.009731023953901723
0.03874576702230612
0.5771965671402125
0.8301515190523715
0.16695748936178342
0.024455785011455882
0.5087982516245885
0.6804744788677619
0.5117639006671172
0.46026485660674543
0.04349284931604955
0.05943191677297549
0.17479365844131692
0.3014435444984961
0.1314403294368514
0.35503134585488094
0.17022050225273305
0.6561402172996327
0.3334587230479867
0.6468419286183434
0.16875756065000636
0.5169837351610242
0.054101694469366475
0.7550809808050862
0.6454787042997399
0.10668905190524647
0.3051500186406557
0.4106260993449861
0.38560146387315836
0.7977209257749266
0.6289467309995888
0.09493875317030419
0.35053056656231774
0.4562546549676271
0.3921589433315735
0.6243255401391271
0.47246036152345383
0.057444293437493
0.5770624975446568
0.7280094258667487
0.525850618637331
0.5494533793087553
0.4845835591649407
0.44830760404235154
0.32670731832746674
0.46223678013432745
0.6058774591039233
0.2045335514261126
0.03674932785022124
0.17627252227735132
0.27800484830820327
0.3023486348110532
0.016855573638135793
0.5750303956223058
0.3138089808079044
0.4554745822937482
0.28631869756802136
0.5936702668106475
0.4995767925032872
0.6236431877618797
0.26268681453945786
0.5121145213870617
0.0990910143800505
0.6413685029636637
0.07641246798372643
0.3397459582444909
0.07224951594039104
0.13197275722973584
0.12148012954441248
0.5850436552928783
0.06697300982703765
0.37314316047289114
0.42722716400635596
0.8016317252309234
0.04763534421772389
0.40118002599084773
0.7224996513378215
0.3499453747499532
0.6001887964914313
0.5492087421554214
0.4608846138797601
0.0515338521042096
0.054479340257836545
0.4532287014067
0.2936686416613696
0.3398384779953504
0.29133220412329836
0.6333552148058111
0.38944078031079904
0.33781941697793977
0.046799596087784764
0.4535345727856065
0.030754803877828737
0.49691125446281115
0.09854237121651024
0.6266224677133642
0.11934775682873601
0.48128482667152683
0.18293441367338648
0.039840924231869405
0.41474868568153167
0.22765629859961092
0.3782192847515957
0.09291078228851368
0.5310512590243385
0.09027335754435704
0.5204606929057098
0.4999284743358777
0.25592204410629565
0.6737771842182899
0.5147008684808231
0.27706682552025086
0.4179601390376724
0.5144812125571379
0.027905569414800796
0.03129153431103374
0.5257005136896019
0.04955757112942064
0.16689934623894398
0.03469105437168854
0.05462842448323335
0.018398179236592715
0.31856517013528723
0.18557993038278114
0.03711278746653288
0.08028960833021688
0.041357414439209046
0.011100185764070895
0.015243072986015856
0.028669110492665507
0.4263838982330029
