0.5929784992542708
0.4764303730611763
0.08201692773753427
0.09846748346715477
0.7129371489975304
0.42455528233210077
0.39816121591606213
0.31836658163751874
0.051419956885246317
0.09249491757691232
0.0973456429359316
0.17183425106375794
0.10127777991647813
0.052822325679781526
0.10521941679022732
0.51376180528744
0.05558409998100233
0.10570811922031906
0.039842235442581
0.4815890482327031
0.1290258304157783
0.3716273372098358
0.046342579649546384
0.3960431831988666
0.14696351570362434
0.13085721028416344
0.04009644816528565
0.8568190963561962
0.1184748559511039
0.1199737244301804
0.04432627662186852
0.14961399199872125
0.08973005676840845
0.09987258329056281
0.10906486080518882
0.3294931928492641
0.3004250036098941
0.07954565563988385
0.14745822588138902
0.08284192612171706
0.6772515177193101
0.10391389197294142
0.1332506767823237
0.11001827479834189
0.04097996476208999
0.07334510822634971
0.07585843458238153
0.09573127426876102
0.30454423959833804
0.0880559113701321
0.12871302421725847
0.14213679586516323
0.29023182182402857
0.6340724102197597
0.0885913075841793
0.042978002220392844
0.044961433750218396
0.04358481924479356
0.22907843839710662
0.5716677253379818
0.016011132272442517
0.1690797564251747
0.11567354108943911
0.5569746626118287
0.2973956458438673
0.08749233342519978
0.8432331157245313
0.07563778218643506
0.27047555245179095
0.09286754715958302
0.8683222831744909
0.25205140809747867
0.3443544494854458
0.13054220268545388
0.19206971725002195
0.021182641753837914
0.04945956623831722
0.5220682255732977
0.07450608417290965
0.4088828440784721
0.5943889404330794
0.027626214549320363
0.0727774703920777
0.0887711323745797
0.046498057558089494
0.737850330820374
0.22621647428527414
0.48346936246791217
0.49653004664365485
0.2363067537396023
0.005919996847103128
0.09570159393109447
0.02183867960358333
0.08826295303139979
0.038921614644902715
0.09695203551024122
0.11980523763078245
0.6481695382398865
0.4408627597044128
0.3571744536527527
0.48254647409118945
0.04281910237426557
0.09745497900307129
0.29802086634869235
0.050552283498694575
0.4409644121103779
0.3781107023141035
0.8971896444336067
0.45124977093865093
0.03448549215481337
0.14272586661620418
0.3195740046327786
0.09311669992330515
0.4735403255174912
0.3051024113420191
0.047140154912688956
0.48639111936360585
0.027135288046964863
0.013607704223183388
0.11126154184683713
0.20528080893194423
0.028773000440943657
0.023099645413815706
0.029373941904197332
0.013188068147496792
0.26189456798744215
0.11032806749267218
0.29883256779101747
0.07128569769576856
0.35933283938072547
0.1815175554150583
0.008484410146327783
0.029736694418559546
0.17856744221564164
0.03503850893100055
0.19729835163452228
0.06517335601578303
0.063179063569742
0.06402330471774915
0.27219293654649396
0.23809763266382203
0.3800651333853111
0.07564143285284973
0.049105975411336676
0.1432521923917291
0.061723630407165546
0.12560461615458138
0.1488755981935612
0.25181053037417916
0.3203701335530682
0.09004773201523998
0.6505532215939148
0.025221472598494624
0.05582728758118971
0.11595627958894762
0.07875692470478905
0.2501919811030547
0.048476790753552115
0.1775529036567716
0.08247138028019756
0.01787952057534831
0.06937526858404361
0.06254754531824085
0.12070977966283786
0.09645281586515146
0.23834485845055262
0.022356157102801647
0.17230445664413624
0.11397697411662096
0.00733511798442617
0.0066759308995335545
0.44440426064812855
0.12333987620704047
0.07405405978904714
0.08092300909793161
0.030261990017019746
0.08631529422344288
0.658096415331174
0.19867840832122308
0.019038769427042943
0.10090077892059487
0.2909910439934548
0.6204061398900718
0.08573577752899676
0.08800247082947753
0.28539738313816665
0.19537516170745106
0.028644734939809055
0.0903684321662271
0.11077333615347597
0.32340353832538665
0.1592000813276343
0.21082264613674379
0.10778301661588112
0.3421147355022905
0.18825645811901892
0.02486794028605226
0.5588943699988963
0.5784736220183222
0.35069692409994263
0.23302603018034102
0.5877234160471376
0.30781869289717806
0.8432389249872421
0.07807235157643641
0.6919523437575245
0.017417834987280677
0.19753712748899302
0.16568126457599125
0.41421964531383254
0.042106805922093496
0.0723072275265145
0.2625893670430834
0.10456231565986455
0.716854855033365
0.14355479116802422
0.09088826850456402
0.09941100993669058
0.5072796908689393
0.39332060500278565
0.02478477977407344
0.005947375396960901
0.06487629685679888
0.4145627972392163
0.21828077006856786
0.056784574733363756
0.39279986471873607
0.4641476600013072
0.010238353989429634
0.05111438627372561
0.3153136069507474
0.07011244455269473
0.08782169331417167
0.08877886283458072
0.022841362364912837
0.0748128402473347
0.026915686106939726
0.09937598400877644
0.1891351086055619
0.22780165069341762
0.41149743202045763
0.26627769090703174
0.4900525532346187
0.18250632596933972
0.11717994508910216
0.11030501202975905
0.07463320997563497
0.3979250479381091
0.21992279558773323
0.14618423365475336
0.02055068673252201
0.01898284763677053
0.1001350058890777
0.08319439163330486
0.032004696851135196
0.024857532063096627
0.22829844082347134
0.18515581277601761
0.12327191179557932
0.0811376067863013
0.12508969377201568
0.3642727705499615
0.1274082670909201
0.03441063701533714
0.032918114800283955
0.09240812539989433
0.14956808900348662
0.22766509552276812
0.1267245557425958
0.041472131326394907
0.10188689763852178
0.7914527792853248
0.2607845600420458
0.090035725111118
0.39443574328871445
0.03459106134209273
0.24447711933312688
0.9986476687389669
0.032624386535757874
0.2995162251649498
0.2723385230838275
0.08210608492233323
0.05754048514571059
0.05954484151677898
0.02906546393371369
0.08355954639308474
0.011199867254502113
0.12177352448988106
0.5113924856391997
0.3344021561811162
0.8561380364445721
0.07883280035716224
0.5008414713024336
0.048799006870798745
0.4861743343255929
0.5187488450725024
0.43253802281747616
0.33841498999040875
0.09511654332643725
0.03418701093381555
0.10717351825381559
0.1346940303356458
0.381536132768445
0.06126910617014385
0.04418360548251008
0.06635980360262975
0.3719272730014924
0.022939443516902653
0.4305965542783888
0.20623342756979882
0.06975399932145493
0.02333923436902741
0.2662765062882561
0.13307956378738559
0.4222606330951194
0.5428185348219503
0.24159848724266744
0.671470511047133
0.41609792257424216
0.0067544858280500055
0.4250212414203266
0.11182536325452151
0.29747768622278975
0.12309697919525998
0.2536828435089638
0.13184726686062437
0.19435294468207828
0.10444921167961506
0.04988324181190243
0.5660057694593185
0.3553677761904049
0.5522150378626793
0.24906396522446198
0.3287726906935209
0.044796372316948205
0.026500935581076825
0.17527093847243105
0.14645043399182253
0.015529429531958763
0.04807674791095593
0.44339069951093824
0.48447499386303405
0.01353463976257578
0.058114345467579806
0.6525541858819002
0.23899463409432106
0.03210726792586242
0.48193250158599965
0.769199814709874
0.309125028914667
0.3861560693345868
0.13232619271285018
0.21610036567605065
0.027735015324459815
0.8002452551370912
0.34038453330256163
0.10971780403930056
0.5449305964137523
0.04486459231783149
0.12432268225693552
0.4448158534737284
0.11944269722940572
0.07714060834681556
0.13426359718124498
0.40267681261278787
0.12662846068722625
0.49975897330407915
0.6158651878896806
0.47630953252260266
0.7222869742297988
0.7641371451187425
0.5737305211916452
0.6528685028949904
0.06062445374316105
0.016400655698191918
0.5855300898964366
0.2544840563977412
0.5309215792954686
0.02540293474381763
0.4675009614584104
0.026824089731634443
0.4039440136056082
0.09913394412713641
0.09679434851045866
0.01030934874560977
0.042576757174155454
0.6009354538436776
0.8504628892510881
0.1800415970593713
0.027434412077518053
0.51617657508074
0.682560728016816
0.509491755017768
0.47509407053159236
0.04840871532623255
0.05669039196524358
0.18811410540347243
0.3194062428417031
0.12811751494048668
0.37202233566988446
0.15898908176112947
0.6701675202544939
0.3407953955219745
0.6640985407806624
0.17857312439305967
0.5465731480443171
0.06048296400222511
0.7654136607402272
0.6625296769979564
0.10909071645530453
0.3033446522183923
0.4396018882258342
0.3944483807311957
0.7935392379356848
0.6119808357709577
0.11277220049684424
0.35864878614463097
0.43970315814011135
0.38483022022621693
0.6033688829635406
0.49899712564507154
0.051380440225750855
0.599533510525821
0.7626268384142156
0.5557491833280428
0.5665810681408976
0.5145939870085185
0.4766780297676613
0.3186350675163901
0.44965013343545257
0.6100316550931899
0.20937141369061368
0.03596637730258895
0.1846814048004723
0.29176344501619655
0.2768487725457732
0.019963990026657982
0.5664368311924762
0.3089403512003532
0.4549501904769297
0.27338018300821443
0.6324587233071978
0.4810755497969085
0.6222696660032925
0.2911877124110096
0.5109597657679745
0.10137835282800776
0.6097860771982152
0.08134831806749412
0.34296346523609667
0.06550859152356028
0.1416528712090955
0.13549950905893504
0.5983253408026827
0.07397755719484582
0.3616332298045288
0.4633787722555353
0.7821739651932179
0.04854461684183262
0.4350642036716816
0.7116681173245158
0.31719839650649534
0.633214318873333
0.5678310596426014
0.4881266735062393
0.0603829017496718
0.05732262679081251
0.428215790688749
0.2924901788742074
0.34063399023042973
0.3152315003640731
0.6197711593476174
0.40670109705139734
0.35345062057874815
0.04910759837630091
0.45704777944569636
0.02796528445705446
0.4852480333117562
0.10577576588573555
0.6675886404012243
0.13009127592619268
0.4994915633536742
0.16844704533333907
0.04109633228081998
0.43050649460602947
0.23887852871577156
0.36173391914323544
0.09660554874373578
0.5536116502811343
0.09206479004255187
0.4923415762613208
0.5254255248219315
0.2516479594382428
0.7075663704747498
0.5231033838806626
0.2801219619662606
0.4093724735281034
0.5339961529703681
0.02965438393095838
0.03398630585593405
0.5175022670339823
0.042972112375253196
0.1741745868357049
0.036889068533956536
0.05790126696660003
0.022859467441392372
0.35396385480900605
0.17748785495583894
0.043059676950851146
0.08994532773858765
0.04389527548061616
0.011968371896492925
0.01617079724942502
0.03623128845767031
0.43513377138265713
