0.6036887622505438
0.43304681053208915
0.08547799276452012
0.10568396988474822
0.7099323789920521
0.419420325875842
0.4231097507728799
0.3057371808989438
0.05311547080102737
0.09638340305665453
0.08234302078362342
0.1770033891412549
0.0849533071459152
0.048570823632034646
0.11103561335834025
0.5375923489241464
0.062479135131438865
0.10599424919673439
0.04326522765699183
0.4854662797009631
0.1198147655889731
0.36877731068967595
0.05081403234163999
0.4054669448672803
0.15936758477404725
0.12515312918620294
0.04454112548011532
0.8651537746218229
0.12904969386634046
0.11482574810301252
0.04948844631175485
0.1527082268141421
0.09931965209542591
0.10842340314039746
0.12404271678574519
0.35075509516481235
0.2816642226375484
0.07040576772602859
0.17248531360518135
0.094215823868783
0.6884912331174852
0.10126355763918425
0.138216369059276
0.12074604260037092
0.042385435516681634
0.08311332737794595
0.0739127255886294
0.09890779326976477
0.3362849228710016
0.110831768418218
0.12299189843568793
0.16053078416350583
0.302345864978802
0.6488578554438597
0.09208392890966083
0.044178243233843686
0.0472302433949202
0.05389429837807131
0.23738487905597885
0.5649920098832185
0.01786882459795809
0.16512880681688244
0.11322879110928426
0.5761397567367069
0.3235670657553737
0.09273057775314754
0.837825765014191
0.07386081910575266
0.2682251998477661
0.09754863709125815
0.8703587364565217
0.2523776297775551
0.3475119602494617
0.15294327167516575
0.20589925692792735
0.02330788791699145
0.05091281747151676
0.5075005649975015
0.07146548435856348
0.3887299117227391
0.5948341170146172
0.03009675806409525
0.08030789675886375
0.08708471476866379
0.05374462035655469
0.7684421007761925
0.25425575232209213
0.5345724243694697
0.48345053513676967
0.22917616641358812
0.007104314587414963
0.09617049137313609
0.022733315664303894
0.10039614285331865
0.04227798799598497
0.10602021569259958
0.10421808202402302
0.6652332938679214
0.4267538000761043
0.33811759020974574
0.5047418395935921
0.057957284103360596
0.10575044183594132
0.29876342166088915
0.05007313974507615
0.4732988243827373
0.38780880835522114
0.9082918869761725
0.48923030900545134
0.044692441613899986
0.12556382619904782
0.2911356710137963
0.08833507005726753
0.4564967638366919
0.2988557651255872
0.04083633130753037
0.4940543074648545
0.027961154151138555
0.014600885922234722
0.11804990719762798
0.19366612790832788
0.03284120926955736
0.02659352836521917
0.033686451060826905
0.013944194443776436
0.26506936500890416
0.09938236838371413
0.31048045943648184
0.07490225335191113
0.33061878814538637
0.18904225837863545
0.011295813874099829
0.03142579262492528
0.1856445013981642
0.046123932006907294
0.19463230412226787
0.06341312911548856
0.05264618539345111
0.0673867124578725
0.25225375446630804
0.25814429955970597
0.3656548820941899
0.08334161494772735
0.05619858145266346
0.13714280378792243
0.06735192880736021
0.10325540901132119
0.13591323191470567
0.2703799551190742
0.31348864419919653
0.09270495168542163
0.6533672147872501
0.0237568853340073
0.05407533906347933
0.11813770179084489
0.07953807486892175
0.2550667232413142
0.0494372397697874
0.16952080034578115
0.07255245253720113
0.019428587210088857
0.0794460563970904
0.06036013746699821
0.1275462540651551
0.08738026868246769
0.2584777426805417
0.02427952081949524
0.16187180544365662
0.125184977976014
0.007592189491565402
0.006896862276689748
0.45081308179686835
0.10633880640169056
0.09023995948910253
0.08280372438783173
0.03430483438308852
0.07489309542122
0.6456556380334223
0.19128697001345846
0.02119610170048807
0.12283733684751322
0.30444831496412184
0.6111992014375504
0.0821131095912556
0.08669532448246738
0.2896421688864526
0.1906985861393226
0.032497211128636586
0.10243253944095793
0.12730639249419093
0.32117830849633355
0.15032754193176562
0.25122590273335704
0.11897705897921067
0.33121033970017777
0.17507431189332348
0.030068922051774888
0.5276995749152046
0.5901695496247795
0.37280450736916737
0.22849491346299503
0.6065538925011973
0.3011602085270912
0.8556783286747459
0.08850773344853598
0.7071888016819616
0.018234059804700102
0.20430945071896547
0.16429435732087608
0.3938811327933147
0.04225819305027678
0.0743582361755157
0.2602312881986813
0.11464518741149096
0.7341132262356632
0.1617509831615722
0.09127794731653358
0.09593392382565574
0.5150905206266305
0.371163101245106
0.03141749119449932
0.006571002681109756
0.07502238702900682
0.45787981202200323
0.21111999105959217
0.05832155510888572
0.3924471406716567
0.4658843955188427
0.0108664757433741
0.05388154558286888
0.3333963306908629
0.076336577367356
0.0771266575252261
0.08197202647103756
0.024866181453685233
0.08364314659691646
0.02911977916336149
0.11213607948678307
0.18793589136041725
0.2202955332532162
0.3898764534980885
0.2469567153741851
0.5186176089689588
0.17784012693164897
0.11460192001122997
0.11547574017472305
0.06967015644376548
0.40132191110684473
0.2083756180892441
0.13735775629269156
0.022328657697824987
0.017969175169173877
0.10001130061179875
0.09294086382013818
0.03704319279953521
0.02841736913166017
0.22059269758060004
0.18151237486827462
0.11098635044549927
0.08357679122753163
0.12463568810399166
0.38052538830310506
0.1427162574954433
0.03857527201672795
0.03729773878513325
0.12138665042497904
0.1903608263153597
0.20804485681541487
0.12785787427520726
0.039165496647521655
0.1077360118943946
0.7740054277446111
0.2570625611477651
0.08790576838735917
0.4132819015685804
0.03320742512485886
0.2352247498198796
0.9992349911249391
0.03142292341103765
0.322822108704853
0.28045984429042675
0.07329771375915137
0.05638575451252233
0.05989060208006588
0.03601883276868908
0.08846578459940772
0.01481805042229369
0.12951189893553985
0.5308791325399954
0.3627827759396606
0.8621415818729884
0.07682290172659234
0.5345984569804116
0.04547941154750412
0.4905299437997262
0.5580466731204394
0.4522240674970452
0.3443028386795143
0.09664188890250268
0.0392284870161228
0.10910064445899934
0.13182666157153178
0.4393158294999659
0.074934164580506
0.05077615493743344
0.058231019480099726
0.4038254382783208
0.028483847251973397
0.4349062363191672
0.19051449449681346
0.07336994297157558
0.024698268712487873
0.25243828171261923
0.13064234889889123
0.4257135349586812
0.5408277117930306
0.25069713829341583
0.6469478484579305
0.41564837944018634
0.007519217915767199
0.4244847650202579
0.13021449995727247
0.2853200307447692
0.12997361907277635
0.2709208861973722
0.1410697045153168
0.21947901127407207
0.12092393893749366
0.04998826707400585
0.5782178385397093
0.35872466724657
0.554344640568507
0.23149601526241156
0.32309284078572154
0.04711111574065763
0.027698719657331967
0.1868737671305093
0.1406398095621734
0.018216535849338023
0.05575855807899122
0.41961651970229213
0.4919230027618254
0.012939411953319694
0.06118486401233493
0.6570777218110242
0.2561779391547465
0.032498910919197974
0.47002162094688715
0.759896736772555
0.30667861634733873
0.371590256384616
0.12342373341738277
0.22181152886789526
0.031853143744079895
0.786290824947531
0.3619504464013368
0.11288813377136982
0.5471837047582707
0.057678928209352644
0.1298430920817362
0.42538574713612376
0.11823646261323448
0.08573779667568296
0.16244414912284807
0.4163811004719137
0.1385033127112508
0.5555071320557271
0.6417164220626435
0.46159535829917314
0.7320728901266933
0.7663114801507511
0.5654530556973031
0.6447704502367884
0.060569829189004644
0.017809589711362428
0.5417736944871663
0.28342444490766217
0.5379596824564731
0.026577576233492654
0.4806408940783943
0.027283262684970527
0.4097268460577377
0.09739120090411227
0.09321254668004958
0.011695636842423838
0.045371942919097484
0.5569177011172941
0.860905815221019
0.16826006085509784
0.02899254368119278
0.5215727282444268
0.6845381948090932
0.5140528204899972
0.46172602330765816
0.05207800979465603
0.06031367159912377
0.19156593323820434
0.342570103897362
0.12178069115087709
0.3856164315591256
0.16945582654060065
0.6846198865833958
0.349420492728026
0.670558080574393
0.17476763370920942
0.5486877154247608
0.06385273624478935
0.7915406675595852
0.6695308155035344
0.10231682656935304
0.33024215148054814
0.47200993480749387
0.416258716396127
0.7929990553319158
0.609177826290719
0.09412152254759999
0.3835640452929063
0.4550929831931893
0.40936899407135097
0.617299568760926
0.4211843770526826
0.05966811743700253
0.5689638285320698
0.735562393126915
0.5646981252762279
0.5633925611931493
0.4973906019963517
0.46649125087895627
0.3447178522703281
0.48422464725897296
0.6049280794204287
0.2223117023209431
0.0393261734225894
0.18845381316454698
0.2713136019511802
0.2651822584878653
0.02230459565964678
0.5400321374417825
0.3027146138046624
0.4498386623444113
0.2702219600009062
0.6045510251785023
0.47989800434290897
0.5974275340350239
0.2910286588387369
0.5150832034948392
0.10818290617031046
0.6378371301529595
0.08376697559162614
0.34432218454472485
0.0719115799958654
0.12952564129042757
0.1275952521340432
0.6224586897064974
0.0771224800317614
0.3863711324399545
0.45620046725569596
0.7678564073786514
0.05050023328788093
0.4373096788004257
0.6807839193594143
0.3183020893504456
0.5688771534808715
0.5261587648498897
0.5050580680937666
0.06225673337651562
0.05793289732100419
0.445733591208276
0.2812240797200716
0.30231094504183326
0.3157767206116444
0.6340713717608593
0.4053876756331245
0.3570315774846079
0.04598603802602797
0.4417821163561153
0.02851860757421074
0.43365180185134633
0.09998484664532184
0.6464752636538125
0.12957232176051242
0.47316776368160623
0.1912037685530424
0.047798363577113624
0.42674246783968856
0.24977898738259907
0.3821900337483439
0.10382446970492541
0.560770771432623
0.09966099230917588
0.4938840903916221
0.5403490368020686
0.2616075950351022
0.6748164329810519
0.5225193940088214
0.31292616763996617
0.4196646829917946
0.5854225639163005
0.031244351159015277
0.03671546442231819
0.496615029213817
0.04658542960216312
0.17604003180726135
0.03598211052129518
0.054913620966522435
0.023656456628780697
0.37070928616171395
0.19829615205773302
0.043580276345698055
0.09168258655185799
0.04750713561531945
0.012668979680432846
0.01678316034822703
0.03616981428835849
0.41914580227469633
