0.6184731942122642
0.5054342212512496
0.044119189041104505
0.10393962227658035
0.663514683002633
0.46344802369970994
0.3899973744310311
0.3848189288738222
0.036809873289345936
0.056128455568971
0.14445062718257215
0.13154426476634773
0.08349716237150334
0.04339828774356592
0.07501279257572764
0.5531771852724762
0.03837531402152647
0.06868770590423273
0.03773800945779134
0.5707950154098824
0.11028914566195042
0.36123670623832355
0.042403454863055835
0.4383514679258914
0.1986624198778176
0.13052236522122332
0.03460784029552121
0.8694082905033491
0.07447729498750826
0.1160976107211814
0.030581816146725848
0.15416613950718053
0.0765554398124248
0.09958019293389625
0.11064284195895445
0.25624651053733183
0.26604945318967954
0.05969939050136127
0.13107319543242643
0.09828750235868623
0.7725196728146649
0.10595599910119903
0.20023944043743913
0.08904937645550963
0.027142166642887974
0.05989566353354793
0.0748843051494933
0.09565896242562127
0.335733754480195
0.07841646441396517
0.11088338009474334
0.07520057029044
0.16715021217731107
0.6293120711801454
0.08193923668656737
0.03037795900292636
0.041774533495317845
0.05507208431934514
0.22803805737894375
0.5397059636307293
0.007081954685272358
0.1760715315200554
0.1508859694915129
0.511948090937538
0.38532877785164316
0.1064192682016123
0.8992789354123771
0.06790203500708869
0.29678651559294406
0.05777743878934772
0.8873222792918295
0.36811999928448225
0.3616877415875512
0.09258131407140051
0.12397574064312296
0.019769229085010914
0.04121713714240696
0.5945797730697072
0.04367966719447004
0.3584975923059058
0.5466915223579685
0.027966544704544984
0.05583967286329635
0.06844900045336083
0.05738516064543464
0.754012231221686
0.23235907515594947
0.5756449837421983
0.4647579980202119
0.1869034929726097
0.003783762024191425
0.09833843187464189
0.012813880671616167
0.1079007635890714
0.031963852560750086
0.06336972175947549
0.17435119356713316
0.5100649835567634
0.47425760714714643
0.30792444455726103
0.47717636079755804
0.029889586833508314
0.0829057434456833
0.35545746623819796
0.03071978645823037
0.3092891056560706
0.4177226490749669
0.9386234357483414
0.47315292910217094
0.017036953680523638
0.10437344813560727
0.37874042012799236
0.07246200284427536
0.44181120572313026
0.19503123123957133
0.031295261618511316
0.40239822147750853
0.014078037427523898
0.008386972506739804
0.08373876846673813
0.16083640630814117
0.018340664259861576
0.010825543846997252
0.020490714950019247
0.0056979151357857616
0.19606500067452898
0.13325832261190246
0.24095650864472207
0.0476530830438836
0.3585903033774341
0.1944949106876497
0.004404641697670987
0.02000893357934274
0.16050296762830438
0.019717884782358454
0.2600745578467556
0.05102793640542037
0.0618909822178202
0.050074623286493654
0.33238910079846595
0.2166934500888256
0.3319417797475849
0.06436175271831639
0.033452962340011744
0.13575128427251026
0.04502790594162507
0.11964473352792436
0.12415030842989327
0.24010416501287762
0.3147039786043933
0.08021236358136227
0.7443988546534278
0.021535150707733958
0.05186019864316736
0.10404460754354275
0.06025599293527688
0.19558279208383433
0.0318676916515808
0.18299350082928673
0.08769908203526113
0.014858085639903753
0.04585816340464696
0.0471953733242509
0.13036032597346958
0.08262116877437674
0.2552693739584228
0.017261961855271794
0.10897695300313696
0.13575433507340115
0.0028745506247185837
0.004673070579918169
0.35979822588115573
0.07663895941526676
0.04830714900367902
0.06887400053805981
0.023065508974396822
0.09266875765346812
0.7615395672155927
0.1837979455166025
0.010778621628911193
0.11839045294730909
0.18329697740886047
0.6556063761211085
0.08084920387701462
0.06898466758176576
0.3077040481552841
0.21887412203163947
0.016705730713538033
0.08765817124863771
0.12223042601820144
0.2959054712969675
0.21799067065703562
0.25189726074073404
0.11504715569499263
0.3632347956851449
0.16384775275553698
0.013610774568846922
0.5970064665468967
0.610764645849075
0.2949107769453481
0.23574888684761927
0.5566417450576949
0.18765339322032368
0.9247774531554406
0.05680331990902807
0.7034516753648126
0.01129811118386834
0.16034544437639747
0.1354764995167053
0.3656308637791745
0.04288355672359419
0.06101415709373319
0.26901964591825495
0.12418654851448063
0.7104259211544572
0.08957917921240913
0.0872248918031912
0.08367523591977515
0.6082359430392106
0.409811118358754
0.01439199646232674
0.003263756363851194
0.05415398359996407
0.46267174363897096
0.19688966930457047
0.03967683944781307
0.3672812586426958
0.4789079988856238
0.005911606777152792
0.0423536033253196
0.3019459843672129
0.04668166463175654
0.0885661694656333
0.09413305099756138
0.023924981947393894
0.05691872374193135
0.02300863742273827
0.1182257923985859
0.16457084481310746
0.23825629024217151
0.32993000580685095
0.29738661428147106
0.42087010549458503
0.15421205840343177
0.08098933698679867
0.10819161165984227
0.04737650647712897
0.40322850779840963
0.23638788002462133
0.18847147322324206
0.011224821721249063
0.013996959249922558
0.06851980677872054
0.06474215058124348
0.01975493974379223
0.008191199206180992
0.25874477806079715
0.20467174339124225
0.16369948185445873
0.08391336524490547
0.09172903296958815
0.2806550748818071
0.11940918098713146
0.02656605360130319
0.032581429246804516
0.12944459175068793
0.11551060963916525
0.2524662297794413
0.13796360961175302
0.029096614101032106
0.09145220380110923
0.8318696003457839
0.23580109634938407
0.07582261971502326
0.41165365816826166
0.03211659898033028
0.2430642943617692
0.9796236774420561
0.025935235885422403
0.2272190157090925
0.2267025272374394
0.0808023749687965
0.05732943609435862
0.038653370150543584
0.029220580644550773
0.059259728973256334
0.009503598107704082
0.1414660458423457
0.5278686183231402
0.3343253078413161
0.8570721788040023
0.0771298191429929
0.4857024714870545
0.03302522355398278
0.4787368183043463
0.48163031889636554
0.326159441608247
0.34974001203363286
0.07061206397891036
0.034354887918503434
0.07962063621027224
0.08117290542121054
0.3536932799906086
0.032816080528522064
0.028134745921651737
0.06534022812984247
0.4029475937089985
0.013144860867764722
0.3742399985584542
0.25860455947907396
0.0463712916364688
0.012379537258830519
0.19814405435348184
0.10962851933957599
0.36785533674056203
0.5958451990790834
0.19756926423581328
0.7849178034874
0.3054906918602293
0.004499619185220324
0.34524993070933957
0.1040748455862454
0.33078730261099065
0.09003089264030802
0.24995022826580837
0.13515374846195624
0.1305397344335125
0.09877888164151791
0.05129910037153163
0.51076019412396
0.2808018437637871
0.6186666016161361
0.3020039194093171
0.31630385180037096
0.026916482098336757
0.020814563511701238
0.10962688467947668
0.12678549972841519
0.01317503786167
0.051123565544283114
0.4484835620409308
0.5180805144573677
0.007466206853143571
0.038090491855405834
0.6655652659055982
0.2593113925146779
0.026076816894438415
0.5489040342548245
0.8249320064230532
0.21031956942474173
0.37030272971580963
0.16691746503192523
0.25516569263282873
0.02028290993346775
0.8566942640811619
0.29541774862255515
0.1305183091536406
0.6046650893001199
0.037859712398119756
0.17764152926886836
0.43040632622207203
0.13286361765766258
0.03933657090427618
0.10872184443050294
0.39352483647243025
0.07101770753048442
0.40793784768425617
0.6216457272785164
0.4651153873959305
0.6833413588629144
0.8367959459779719
0.6378684650281716
0.6968369519456479
0.03148899529209754
0.009824875867060271
0.5704600205117009
0.27022257167679015
0.5705298853310959
0.016226010062235993
0.34775742584529207
0.02531162656228247
0.4075686021508568
0.0997876274895212
0.1128449495797682
0.00490885727382514
0.03913105758893827
0.6357928148730357
0.8176518689693044
0.1356528286188001
0.016705136485694227
0.496945682508917
0.7093086963427835
0.5649682597696705
0.44326040116843346
0.02814917175131641
0.05797816278029679
0.1249565217388204
0.2829484627103948
0.17224838475720494
0.26947549005638916
0.11257088489281575
0.5149656137346644
0.29182492474766747
0.5521454239336666
0.22172295485343155
0.4992163017771642
0.06074001945607444
0.8085693529890114
0.5850631864615763
0.07525292734784515
0.27945097511359146
0.3641425218104396
0.4051224341002946
0.8458484976376919
0.6820938205940636
0.10886327024126399
0.3410057625185264
0.3786652286610022
0.3951654408831905
0.6401175634609644
0.4771438346549114
0.0687776004699561
0.5849746523906276
0.7464905345320324
0.5416578349665644
0.5192172680774362
0.4745791628515038
0.5059684437894161
0.37862299375139125
0.5882710518174615
0.6043372479298781
0.16981691231165288
0.038273155635234736
0.18952520648006752
0.3315906513135984
0.2247244789745615
0.01128310303894761
0.6186577539638763
0.3047615692771511
0.5509625981623472
0.28455839807157013
0.592157701474501
0.4418398597123597
0.6676731355215381
0.21093096320090296
0.46357794217318926
0.11349569013185205
0.6410768258545895
0.07274241774738156
0.33585332081826363
0.0658300232642087
0.163742420749864
0.0901329311984656
0.6091464585396218
0.04942971775740114
0.34290528242312807
0.43401779412250163
0.8898419228102573
0.0476940933553478
0.42452527399387996
0.7400545806970102
0.33539717924773604
0.5921843056746715
0.5865184205282469
0.49191046940341027
0.036402292416937376
0.05888257474715738
0.4731420660336594
0.3243393042717337
0.35657592488458417
0.18559120250181824
0.6812703314034226
0.47315872915332063
0.2909357447438346
0.036272464261147906
0.4925411193618971
0.02531217346465969
0.43131962402905266
0.08261744558815579
0.6320919836246802
0.10720687334580488
0.4694901780719755
0.18224377058618974
0.05637345452459611
0.37414454684524256
0.19695941950357299
0.2637838289374483
0.08920528800816163
0.5278067420586517
0.08282154138278547
0.5627020310206663
0.4551192236272363
0.17753746945126983
0.7435935563630185
0.5793703187977206
0.19257166913052198
0.4647545485418526
0.5362874357419354
0.01332258614045384
0.03525404124140766
0.6115607813036541
0.04887315853330765
0.13796625359415476
0.03746754921768472
0.060125362729636554
0.021288008127884717
0.2703967435300537
0.23419777218459964
0.02229982642044939
0.08248053283768482
0.04522009492847543
0.005765323410827159
0.012663878311607282
0.022637591058995456
0.4226341091837952
