0.581263224821218
0.4381815571386553
0.0618604885535919
0.10192177187830945
0.6457616670650466
0.40663777537600504
0.3722420419718442
0.3400401548459834
0.037296711559779226
0.0774148369175741
0.10474956323965703
0.13050397861926125
0.07797668132831875
0.03718264196578019
0.09873177780127625
0.5178418508719356
0.048193008058383946
0.08935226505494749
0.034670054431995716
0.5147100763491487
0.12167252553489544
0.3688125951060002
0.046295259848294745
0.3969349184877084
0.18422614858501346
0.13620500741410277
0.0314695433221817
0.8611135986485016
0.09177599115565815
0.1114235587448465
0.04098963299206672
0.15499084097665705
0.08649678338529627
0.09094622492560793
0.10979629951536427
0.3161240162015237
0.2585470876286404
0.07062861171621265
0.13472282548974587
0.08102769230928114
0.7015733985872483
0.0877165537840676
0.1684696041926607
0.10206551246747757
0.03342502667215749
0.059973057973496356
0.07533331104422099
0.08888816080387181
0.31029099911797586
0.09750388940399898
0.09534377221017552
0.12376649910735446
0.23512513379832004
0.6454915693219148
0.09308407368329649
0.03663283419588449
0.039793318779395306
0.04201718934200203
0.22141243822860346
0.5421686324317974
0.012610350250480623
0.16859400078835649
0.12547207164820803
0.5435902962153251
0.33361329497186265
0.09408999306313759
0.863277685211698
0.06315462592237713
0.3044618652968191
0.08418058955431683
0.8839361626054595
0.24249138227630365
0.37838134326288214
0.12981826655764514
0.17787362547497637
0.02111319342628048
0.04384148440291958
0.5588227622093104
0.052863146828616925
0.36219463281060194
0.5681960970822172
0.02556079510406409
0.07414835663791713
0.07257835981773232
0.044315529275500705
0.7665725643249447
0.24628195535040212
0.505553229567245
0.4785524413963937
0.22638538769291722
0.004619820672399952
0.09207274894321534
0.014875884337777968
0.10440291251302862
0.04007005699166157
0.08589849101636643
0.12117079684042042
0.6064635755090514
0.43665652234841257
0.3312357036957392
0.46430017867817475
0.03823704441841797
0.0966585181868138
0.31733732547384036
0.04044419900211647
0.4256781251859449
0.37219451007464
0.9195591812897951
0.48039926646496134
0.028068270267078952
0.1192645874767881
0.3077803880881256
0.09079540627430654
0.4697232259423004
0.2489719785627541
0.037061844688000986
0.46715201234780324
0.019334450056355184
0.010620963041681475
0.1017999651792579
0.18896099244437328
0.024146730870881226
0.015603268086143348
0.025589260525370413
0.009615020793624307
0.2264845388330894
0.10729143365812036
0.25744665552327595
0.06263490405968188
0.36115198835169426
0.16116680444509876
0.007061508200147007
0.025318464278808867
0.14950747626773897
0.02728047286889144
0.24923882658303084
0.047995567827767836
0.05524304702494081
0.06114376297035703
0.244373738519189
0.21496643041212324
0.35253342445364916
0.07041203457468569
0.037537998893298265
0.15580511226688018
0.049555312657000854
0.12789119594241868
0.14210251620294645
0.22113781515962794
0.2966419369569925
0.10243043271317505
0.6748975614798236
0.020408367389438416
0.04819703964807717
0.10331526019250147
0.06552953071124006
0.25193891902241095
0.03911887678378234
0.1856618217350996
0.0810950203892199
0.0137861262365849
0.05531212116523043
0.050968091962394116
0.1130953373996678
0.09553908722206239
0.24130784854814244
0.01575761071004259
0.14573527748772516
0.11599370868712632
0.00442848909019783
0.005164586071124614
0.4130521404515226
0.10944637073499254
0.06336951855486338
0.06388528417270946
0.026832046489730692
0.07488217985520941
0.6890110249387582
0.19293611354741602
0.016020000154703486
0.11133131177934415
0.24935384647048056
0.61203417838257
0.06808314347161488
0.07974991393350751
0.30255268156382475
0.17536431433775249
0.024168549377133575
0.08801077473902215
0.1077201537652094
0.29021512932379706
0.17145058083554285
0.22735071000261012
0.123093436553113
0.3347688701307299
0.1792117349084251
0.019731982469495757
0.5517725244468887
0.5727801589726491
0.3436103020792683
0.20928332865391802
0.5657593046076661
0.2819937873912681
0.8695019721187895
0.06690470334999928
0.7166336513673939
0.014220665778794918
0.1916774585962392
0.13557064739056146
0.41604991653856194
0.04426354969364993
0.07112446337567138
0.2948267157968233
0.1062625576739608
0.7120905710003396
0.12826876248815794
0.08859086463572256
0.07976717563552434
0.5662794454281411
0.36285422593592925
0.02066734305273201
0.0048038359872614724
0.05903892716893061
0.4153345046744429
0.20183372611186695
0.04735879986712627
0.36505208596222527
0.49665714970635105
0.007648293563923938
0.041379296532011875
0.327467983225777
0.05999301053359802
0.07522911686095342
0.09354053742065713
0.022999658361433323
0.06875890276387352
0.02589060453808213
0.10928258552626963
0.14674011105268653
0.19432798522947686
0.38197467576943717
0.27950796013131507
0.45132985446280594
0.1568325049438445
0.10043121614371579
0.11129460183888576
0.05224071172374035
0.41002152925093865
0.23253716710747682
0.14773962494502607
0.015786454087018436
0.01382393031211943
0.07949047664900472
0.06851719838782412
0.025930926682423774
0.01633175532383361
0.234264255961833
0.18193635342685663
0.13881059476067037
0.09098689114966083
0.10610951553108325
0.3209696885862128
0.11717224072092686
0.031214345051925253
0.02745727965210957
0.11155208505503782
0.17081330079785995
0.205561364913409
0.13420637110086311
0.041606936550904305
0.09919364784968834
0.8036472706951121
0.24390329728164503
0.06923827863194836
0.4020712777315634
0.030894962768874854
0.21361085581391992
0.9947511826732389
0.02823298084438357
0.29259512230275864
0.26029836866616035
0.07807127351479932
0.05728373747088038
0.052602434766058886
0.023939181034899355
0.07241776402933255
0.009660386305994854
0.11458638839365692
0.5266057187518172
0.3739085394423412
0.8692169520963697
0.07505234939697597
0.4836717353588483
0.04439484771043069
0.440016224868188
0.5400447554081247
0.42213780776712767
0.34480008708208704
0.09153295553172808
0.03141122578052117
0.09147020729694484
0.1040490309515215
0.3775622589861922
0.04924167330879505
0.042356143323272526
0.07927434821770211
0.40047145060273054
0.019340125768544346
0.44268136004136754
0.21566339562678294
0.057183568407791846
0.01593584660691645
0.2414138883153532
0.13840581388783835
0.42069149108857856
0.5377743836423192
0.22866839084980875
0.7222794988619673
0.3819782255369867
0.005147777563564165
0.39831236162148165
0.12298770844225372
0.31917553428129747
0.10586116992231163
0.2397454744890707
0.12607599928555036
0.17378612321803644
0.11440773084718289
0.04874663231837159
0.5560225940665203
0.3130280682003765
0.5505953069533959
0.27017368229188926
0.3143773913621109
0.03285651525624221
0.023328470172506922
0.16365665168902793
0.15228676654305662
0.013888790321960737
0.050815674798300424
0.44243352739464153
0.48657570484341794
0.009397374547975222
0.04594896582284901
0.6608830433765347
0.24764882058444465
0.03427109853115566
0.4642397604847884
0.7788142980771784
0.27231503902260834
0.3723590042126483
0.14283091165001707
0.20319691145318639
0.028676993181935423
0.8225908046379172
0.3106947240505862
0.09433550562680659
0.5802077576683383
0.039979511059025814
0.13203070222140478
0.45620904297359594
0.13635178636777992
0.06316726603773022
0.12333095124605827
0.4071236349444457
0.11328695504272387
0.4576700254758461
0.6144408137370887
0.462392815320672
0.7083099638243241
0.7925137603008837
0.5577840507837678
0.6448195570607378
0.049008571262409054
0.011064628605638368
0.5660243879345731
0.25646169303801974
0.5512486049532718
0.021643508428030922
0.4317407757224444
0.022430008137858202
0.36523675109791814
0.08066377839055212
0.09506135876502805
0.0073000953378929674
0.04332429550364537
0.5992269504055096
0.8227222466857862
0.16566025509942858
0.01926154345875169
0.5074620750261686
0.6904267929275594
0.4917977047940336
0.45722820330648184
0.03957739394736045
0.04869568011849952
0.14640533923940768
0.29530918388879707
0.13275144934133076
0.31131839848020443
0.14359210400875944
0.624524738461889
0.3419392497810413
0.6221672134805226
0.1906907485159788
0.5122388716716504
0.05717691741478779
0.7648435930980303
0.6465208460927819
0.0885512673436636
0.2821971248614404
0.41215299747771433
0.3722078462394256
0.815480820650338
0.602459929159086
0.10529825563680399
0.3374514940030723
0.4207376646327636
0.3895211790582343
0.6424662534281923
0.45936062775230335
0.05424276936286579
0.5937892544638053
0.7404773484309148
0.5535570794169231
0.547814691495827
0.5058023805714312
0.47818007339915597
0.3132991197452594
0.46776368360838644
0.5937527054639827
0.1976768847420967
0.03865453047206379
0.1975280045030806
0.268604550729823
0.2969886238436489
0.014757836333666913
0.5821256415057043
0.3192177653443215
0.46719906302198033
0.28249668316009807
0.6057517576419303
0.48083663327888854
0.672375514159625
0.2606303700075248
0.5030419329087339
0.11738226314321606
0.6383673210401296
0.08000561742283518
0.3104482273244865
0.05983326806741659
0.13638736972285895
0.11252475097222282
0.5871525391069794
0.06492972052115788
0.33331018735324286
0.4105264593578368
0.8335463230270337
0.04536396159039682
0.4667595960591451
0.7294844705797776
0.3140768110105357
0.5836664286452632
0.5481688645721691
0.47938367331763865
0.04652651488272543
0.058110012105649804
0.4498323165877275
0.2906271694120188
0.31360218571082676
0.2806245265007463
0.6484269765706628
0.3933235895915508
0.3262370653923496
0.04236587527299053
0.4426386321983725
0.023965307248025397
0.42045038260158474
0.10062459333321705
0.6216650056374154
0.11422633421386859
0.46908840866886464
0.18508527198725738
0.04126623475087299
0.4125294801046949
0.2272071791623777
0.34361255447403
0.09987388428707587
0.5502690683629642
0.08719908683081397
0.4945665227598452
0.5048098849211132
0.23342296616905286
0.7061851603255005
0.507468266412209
0.24633517964173904
0.4032071346680159
0.5232294842040555
0.02294982763215047
0.029359147059553906
0.527668032763709
0.048975808353395406
0.15318345522171062
0.040954327252247846
0.05875640792951448
0.017508784192038655
0.3413376322048889
0.18466972318252756
0.031692017973318144
0.08861545175279203
0.0505480241825446
0.009021917205571297
0.013359322581192526
0.026443132663512975
0.4114572806431359
