0.032441464461417595
0.28291284147355245
0.05880773947207266
0.4936213218158072
0.18221857839459857
0.039484997588833205
0.0573548040300683
0.4224205085305048
0.12043707279117356
0.11924424878619179
0.5440816707986742
0.041167526171777
0.02408259203932486
0.0789290802327319
0.036533746537228955
0.1472881945652008
0.2846271882591874
0.8237314876251943
0.4508884893135338
0.06759725978858044
0.017829514263562933
0.3997434276821687
0.0321584010730813
0.07229121526300718
0.2487729869521194
0.10298153503281803
0.3963203221067204
0.4275678582517949
0.28386749254106236
0.08086373244996489
0.5291176541948662
0.10125684385591932
0.7976647184685947
0.15353114081967958
0.42151619000061213
0.6467289216991201
0.14924130370948702
0.4664886393076554
0.026605666389588133
0.03594241081182696
0.6839221154223791
0.20318881199488087
0.10827156064722303
0.07392831631394743
0.5318244664311647
0.2883477202911595
0.5992704990038132
0.9601577500202444
0.0804074735775528
0.027195317964477255
0.10486261681150395
0.16050743248068275
0.32363073982742036
0.38489417285246363
0.046634704285087786
0.02330444036867031
0.08100513748910225
0.993768343970237
0.01825166682837431
0.05625227627863007
0.06770303209070462
0.29616504112976855
0.4209836246943055
0.30647689029465336
0.8739680345168663
0.0800799871065169
0.420241857018817
0.05793625698925773
0.5775494367653372
0.8755608114282377
0.06241143351894135
0.19399395711794845
0.03207432114740558
0.03946778647214269
0.07140269426937426
0.03762906899087385
0.16742291067311543
0.0306684236755896
0.07333450421203867
0.7195824162370766
0.027230086015949395
0.025903740965450454
0.28961324604179456
0.16249147703661423
0.4756762473932494
0.37541802140983144
0.05254179384837097
0.15912418279207372
0.24039675129772417
0.06851071243095798
0.02525103332310799
0.12361268797082543
0.3102863212102682
0.2049598742222892
0.03323174577328641
0.07314824702024697
0.3641540275996011
0.8125171288992575
0.04171106376375877
0.2113950229692555
0.20358594835324154
0.08316901147796521
0.02658147124421327
0.0671297924060526
0.07757528327624343
0.29682405465415596
0.2724309737653082
0.28181439676995407
0.07041090202316046
0.39791260202312045
0.27292025421644817
0.026207979447724735
0.16342736627183857
0.3898037816847964
0.06049054780616622
0.8307188074777629
0.02565450232831469
0.5372793961106057
0.04072471488094948
0.13267607788754815
0.35941060081638104
0.19189898962406007
0.18497272374962995
0.022375532038304165
0.29155682976042174
0.13239192458389845
0.04875204177286968
0.029544518703195445
0.08550753112471476
0.16251452530133173
0.12999390880976927
0.042933768499310306
0.02248128482374871
0.03913937798476696
0.6901509511004876
0.7783644862361543
0.551051838071958
0.950633397394995
0.030845520632810385
0.028693958783048975
0.18891144060055082
0.6761313824254889
0.10081943761859384
0.10707596791018323
0.05622954073208133
0.05281785419760857
0.04719198529744046
0.037896639960565845
0.05804894747606618
0.1513303357455727
0.04981852839397225
0.06792967705661614
0.04017602059203562
0.5962775919613398
0.051951435966104166
0.11108141199631097
0.06437054800917387
0.03313382018722698
0.48032272567868156
0.4984210150126891
0.4155149905637763
0.1283434742042145
0.477040937137121
0.07128360349999978
0.07564240003162541
0.013896955331262034
0.21258185226636508
0.13269336568652473
0.05783095977164316
0.12832741867753242
0.04043256104695815
0.5032305069065138
0.031248012351310445
0.5748357646796617
0.04387895293918913
0.4888443859794671
0.2202079002120579
0.024662689500875537
0.08078101182933436
0.18017987479242237
0.045483102345859734
0.021198419196831776
0.056673257424613856
0.27017501196256355
0.07478161837537312
0.3325145837093031
0.2945438994072634
0.040393394426835656
0.41101908691218203
0.16349883030054496
0.4388956010830299
0.09497464638797558
0.14782240145413234
0.03339877091011014
0.290918416501199
0.6745317652580128
0.18534560836405045
0.25495651243058787
0.29707684580573734
0.27686750563795726
0.0331874803925117
0.21481734971077454
0.0563195051496342
0.037296996731643946
0.2882335976219107
0.07425561694044648
0.2566947409564192
0.3874173522174333
0.30562320915476476
0.027745143237949056
0.10438051993899851
0.03861852551149695
0.0679701327024893
0.13338484058817676
0.29201636614816323
0.043277199040362764
0.2865051735949024
0.11687769602930283
0.36802920508727616
0.1906929530399607
0.020971831676088595
0.043215469545753504
0.5343060206970728
0.3691254943264647
0.23580176728012914
0.1481653294286449
0.023674334174599517
0.07163481482528034
0.17979223452429227
0.5051907819505466
0.0668987245463027
0.03906114360423843
0.0431647485510628
0.07725606222636913
0.23180300790108566
0.3374630700629979
0.02984438908433164
0.05191478902082492
0.04205143886779461
0.08511981060005328
0.06218841499871529
0.03349743508867679
0.5466089864135676
0.05940895580991167
0.21334547161854955
0.07976326877505717
0.030663624468828473
0.15184934058058638
0.04193851245209702
0.05191154603657992
0.06430308484960558
0.33767978036175117
0.032268201124901794
0.057141480884925745
0.336636264979023
0.05598958447837845
0.45964446707155476
0.06420902567017665
0.22425525525657783
0.07708769669966738
0.3654730724363973
0.42756353730653035
0.2876298302672525
0.1087981037742645
0.02693367402385766
0.5145494027725687
0.5138493408529354
0.02822204175855564
0.11939321818424177
0.4056364643988317
0.08027912201391545
0.19361182072951294
0.512336787285204
0.8192655188668795
0.04307396323213995
0.051919824116909714
0.06600506048844743
0.08594511963197309
0.14533006183022576
0.02642710063911791
0.021371466752350212
0.18440870945893098
0.050028143592703814
0.6224638760919702
0.09871991330906194
0.06187610093581196
0.03630039685046863
0.3263552732794735
0.10773378206391221
0.02572173409411051
0.21046084660744624
0.029266084382774993
0.04665265111149209
0.8032727822558209
0.05830239071939958
0.47078554599678235
0.02653005134535412
0.061361553441178864
0.126955817175399
0.25059626560884257
0.7337840050419575
0.07282939192462817
0.07458749746824911
0.051005385480959245
0.2571045471762241
0.03109630502964021
0.33829401882202775
0.1897626224797898
0.039448974143864085
0.4709007885156293
0.7911949653152885
0.0373081235576528
0.02034744298515724
0.6867681879455015
0.28667836377415196
0.05200225139285397
0.12461717322296177
0.6218061650006397
0.29403422720881134
0.04177924433653651
0.9083740858865349
0.09702380444711646
0.09459549520347299
0.43701522745986476
0.07827277690746912
0.3875090167703558
0.022632334024532214
0.054548260850405365
0.02927435037427081
0.07200120285040751
0.3729319055655208
0.3318452668191196
0.38399214848667834
0.42278327138297217
0.1537833539638565
0.06897124529703849
0.0465517386200584
0.023056070424505075
0.018414692223158058
0.3732659900081759
0.21255490581817701
0.9182539463233528
0.20357824361999538
0.022392279464167036
0.042130103985648946
0.27985299760817006
0.22487136783674044
0.5742583341721202
0.4508525271567103
0.04747743077598966
0.4409173232425175
0.04196079854488306
0.048663061701599536
0.24597498224427702
0.5689820144289475
0.28484012867993286
0.12104112853834903
0.49204616540037277
0.23880111776340224
0.2068110757967888
0.028328979444814068
0.4720523009335694
0.018755316904328828
0.1332126118796532
0.029438362417629732
0.0505728462504452
0.04039165219490862
0.5024703367585401
0.021788474451657693
0.5393410108762353
0.015571020852981673
0.028753096076586184
0.23380142037563512
0.027353636496767666
0.03331942512091437
0.0335755535358941
0.17555774622492634
0.132179787196963
0.09931962723799442
0.8600349523226735
0.11869396159505631
0.2132047184005093
0.020563372699319467
0.02709202699094684
0.017918535264757562
0.04031075807537538
0.04040257923249441
0.047979135986388
0.26121235539987375
0.12383301828536143
0.6717637950311406
0.2593262726230711
0.06176216115850701
0.2054584091211564
0.02317071339356362
0.3430749415190947
0.028364979806505094
0.09284456160415289
0.5519724633918303
0.19859863191287785
0.253293900706327
0.122853310812809
0.025764630154554352
0.20708250728230077
0.021635701213913734
0.16213717113660908
0.0698690606315698
0.8571533969482901
0.11586792504424982
0.365188725582642
0.9824680686608858
0.7332417390969784
0.5146679264935666
0.7538991053866985
0.043170707591797725
0.08422589956270389
0.08359002489824786
0.7268890208919445
0.2100897534138986
0.27394101600137266
0.07054570532817077
0.4140809153359069
0.881556413576271
0.5372836298069152
0.03449189042659919
0.1592623521359343
0.04883768926492673
0.018282066231305145
0.11528220400942793
0.3242179257233193
0.06752210131235623
0.313676774017837
0.2917782199374901
0.8593974802423273
0.2605032838697424
0.29378065951331545
0.08692481796103214
0.04827524580504264
0.3858173460853185
0.04536559170377546
0.055770084187777944
0.0840784523633407
0.32129331740969913
0.02345796109901446
0.27731106174434683
0.20950545040036303
0.2772552580229516
0.3619074399998623
0.07449207920777232
0.43873524484673104
0.05444907217317543
0.037030582837767605
0.39859367951541874
0.5249867008081136
0.12314021205944514
0.08797052454172638
0.5347866031775844
0.05211100260573038
0.08600258763328106
0.33537768965682435
0.3717692355695924
0.158966883998378
0.4304980027921289
0.3096810317890659
0.27088944712465823
0.023876586980607375
0.0616358919999987
0.14921468357476197
0.3948823584521786
0.08854272582868417
0.024134559849939338
0.6042505296327004
0.5304925155685492
0.03503686123579164
0.038371631980527066
0.3644557603128746
0.2989914350782502
0.018300988191734004
0.022557233576342144
0.13824575094204622
0.03141467285817606
0.5874716180195054
0.21412529703382294
0.06226057628320367
0.04536490332276833
0.21242539423398218
0.00643036361235821
0.09316913543953244
0.08290236907991226
0.3349163220596991
0.08055118451577784
0.06088385419508296
0.3549260316434118
0.06787508336913914
0.038630703892996505
0.02289119415159877
0.035162227192059
0.1423638835410919
0.1269232344336687
0.0222436950201408
0.026533203007579276
0.6878634067641843
0.20260500712639978
0.05225181403018202
0.16370167211894895
0.03192225084496231
0.27914295676916673
0.2726029848266524
0.02871085254048799
0.660131797299741
0.19341697485857084
0.02243044922824436
0.056404875932774164
0.3549488927143617
0.165526295748488
0.039230906242653185
0.4227429874013717
0.28440471010229124
0.19637135292919206
0.09421363451236839
0.03789082600237569
0.08415619980198306
0.0550934468700946
0.3282605468755793
0.11441546363980903
0.05583794772064683
0.18254184076513374
0.10366061087569346
0.5715515283205891
0.29086132205470056
0.17266119064786556
0.22529736319736898
0.044213156226157485
0.5299132169108878
0.028702695969356214
0.0875231625625826
0.0875607357294132
0.6840084426059633
0.1419767650903668
0.3260739420278684
0.014554680256261145
0.038856457632242096
0.013113411756556226
0.043374802932574605
0.5504369321133632
0.057795757930820306
0.190508604803492
0.44200160385700343
0.04462566682292185
0.23829475176709952
0.29949221164136214
0.5393140961248555
0.44652804949161545
0.05754053472925277
0.22680176244227768
0.04442911859428935
0.21005999223144736
0.12982010035832944
0.3487107263721645
0.33116983987212695
0.37047103850669644
0.10765613339783137
0.03792377163296451
0.024078515646455773
0.4261122034360623
0.35994324306516023
0.6748853217482897
0.018886643896000907
0.1576051621629009
0.42369301005522036
0.3503205248793612
0.22432495953488632
0.035186998525503894
0.27298863090161546
0.29743011229083405
0.07392716212676217
0.3638492836651574
0.04298964730586062
0.3052375909789985
0.029154041586248687
0.44415388151811064
0.7676172780306745
0.14331336910448644
0.025969615270540446
0.05783654842727884
0.12252590922626733
0.019869605432839037
0.17288283400886492
0.03804580874050131
0.6792559264020261
0.10951622189156393
0.47137645660716854
0.03279272150818154
0.06399248303160644
0.08117252272316766
0.3646794153832762
0.0399977654931626
0.03310975037977424
0.23090749905659036
0.042038218131598186
0.19082790632872515
0.9941378890901282
0.028068277174174757
0.014163163593945177
0.08080789878952306
0.15069170009874372
0.7487327790259468
0.7816548377979803
0.385063689511367
0.03834685127482716
0.6120785877747286
0.10037307002804965
0.38435693525258263
0.4251421873135307
0.43710919443052854
0.12762635058281946
0.2809943421908653
0.35942737035286265
0.9174294941855707
0.7480101154494048
0.21561851515659616
0.5815253479026092
0.04918568960253282
0.4808047111543324
0.032915908423416636
0.3593287421582319
0.8049807914509327
0.9891202651267504
0.7473243838697842
0.03174410402209618
0.3509670754261168
0.49296128896636804
0.018484787669959205
0.03390091324977385
0.008692296504574768
0.09902565031835982
0.37656722217403066
0.71045102799053
0.04045614263927174
0.18291379996932502
0.3892060433409008
0.029693688719451147
0.4941750311346649
0.6769982560063068
0.334646801769319
0.2937702942627897
0.2795529787076036
0.8253439158013668
0.019024797561586794
0.029286047588564006
0.3755688994997198
0.19466624096391108
0.48401485197828287
0.2396894366015264
0.939266116834335
0.051851284839318675
0.15024449092236605
0.1558237813566493
0.3025234746116436
0.5221441378405179
0.13948326303349107
0.03070369334841367
0.31242038346954026
0.5243072681587143
0.04807682268212079
0.740745180448053
0.7991663727760306
0.04757589320503184
0.10912003674223748
0.030106625580139452
0.22460461733957096
0.39974700739437885
0.06054777509387736
0.005053791547980205
0.36781348274500497
0.31457548108188255
0.05261872692138874
0.4559164763467281
0.0575627589482823
0.8751308119728489
0.3394746204042188
0.2581945452091976
0.29039780165088885
0.06127044716874977
0.04388839971878969
0.04528655997901712
0.10234976662387192
0.1659113830684648
0.03688762607220127
0.08696181990421682
0.013209430725644608
0.20511962553163665
0.27090828386541643
0.6971850790367132
0.033666677341485714
0.05029791286899466
0.020054985797962034
0.4732897695184784
0.07702136928449113
0.27252655577038565
0.1886773928838541
0.01536619199348991
0.544836118981215
0.062033522929944344
0.2436861725905968
0.014077991038691012
0.2999366257100283
0.3403984228999921
0.6914902869009093
0.37885049912367985
0.6649389673042776
0.11687134137556768
0.6119427415130483
0.032516572785118006
0.9766249000375404
0.0740669852704187
0.03464246203579859
0.02213868854372831
0.05898699267368634
0.32388098403298854
0.16037303126294494
0.7795419436950581
0.3354534255936586
0.7088309476533824
0.05943591946414343
0.6112861205153927
0.18217425554800604
0.3295958310810072
0.19034766298493389
0.025532929299363644
0.2154091725494014
0.04351858734212786
0.05654690412316863
0.05875406915886431
0.6028948817274536
0.2727564376749107
0.4299683875427016
0.36816717636473134
0.1953436568776693
0.3770425947904601
0.0229040052613825
0.3428030292843341
0.06789061032919207
0.2362754048945383
0.07541817823285937
0.009924709575416716
0.1581118553170728
0.23444270793706262
0.6616800576877095
0.27393378977313143
0.27371847027463325
0.05400182257980353
0.47818365027052306
0.07069796906064077
0.9964867340612695
0.05956399975309211
0.028472639685043544
0.1805405888234916
0.12188655196145523
0.09205302096746147
0.4074291347971967
0.5523371791633386
0.012438476799596523
0.06814398496814651
0.6802892779808167
0.3598355548694078
0.1304715878833402
0.06603613752580076
0.30716233719707164
0.020137696357478644
0.2051204462352809
0.31257036873641525
0.0251043125771878
0.08144811937571157
0.17706709006612012
0.16460290621421755
0.2848892369737186
0.2830716617493004
0.0942019147776704
0.38527461403563146
0.013642277778961012
0.7636237637044595
0.10052808067768347
0.2975902156409186
0.18848021104110269
0.19122080588752938
0.29832737494507194
0.6540762217143644
0.01026734570638202
0.24918315953032175
0.039564606921275135
0.5306775557159588
0.33305740402096895
0.33756779832351386
0.0730453088861719
0.42833871184324257
0.042487899976539706
0.37381870507809384
0.019727898846159667
0.1305420325726817
0.11894270687037949
0.26300649018324845
0.3310249853990612
0.36549440305496683
0.24254005765727576
0.1829607042137468
0.19420350273659528
0.2772752432670447
0.474235024544442
0.2211177029547025
0.03933018942879112
0.034118016103590554
0.41959349961535014
0.07145307565660826
0.28086990680322266
0.28320531474109917
0.16937554191003462
0.09273104229488868
0.2839429596402184
0.05125973983254405
0.9349423099915616
0.28555703954790496
0.4008826287445791
0.6076281628805243
0.08874715361235276
0.03523744189627525
0.2740456442622815
0.3260953391978066
0.6480451460337021
0.17172830640678072
0.026253663945838376
0.7867944834769238
0.7617585080558251
0.3720007314144571
0.049410055363149886
0.21698335077935096
0.020930307129572518
0.09194980867187147
0.46933649917120884
0.8112029571033912
0.1995928308720022
0.038583777062462354
0.23138948208046697
0.41142419252756485
0.3206505663276598
0.05784210697376226
0.4129210717590474
0.06185773703159326
0.04932968294700288
0.035258272199495885
0.793731700280143
0.4799118117073912
0.40760183786959286
0.023813037505965005
0.5931898010594472
0.14744691499233098
0.04430106630336469
0.6867440021830592
0.2390854747677387
0.8110442087901257
0.022681399486765553
0.48620827476120765
0.45406176596675857
0.0960119144744857
0.7213624613907377
0.7782572062230928
0.496554697647808
0.41479284271789163
0.4169511323216997
0.22994209150345954
0.28721366534648407
0.6240039795973369
0.04562295131212849
0.48496405439682627
0.4735056582330799
0.71632464429121
0.47866726706928425
0.30833170803354953
0.06102335878293169
0.19989388034586103
0.028412879370888877
0.3604603478019502
0.16826079298880767
0.48635534451281304
0.5087829798949735
0.35426642633131605
0.4680593634923952
0.6167879279853581
0.05510335023625004
0.5214423312455196
0.3106589941875773
0.5016352366567067
0.20951081339683333
0.6293064342679127
0.9575749198985962
0.024208588589712934
0.8213429997211722
0.2732679407758515
0.23137962093028883
0.32414161914605166
0.11520453600705598
0.2923587522280075
0.5543117711898927
0.4186422339437621
0.19898708395984913
0.33525891502786254
0.37048137043482504
0.3384910532269293
0.4573348187278607
0.19766911165020398
0.32849559041200305
0.4917327681739067
0.6751818353410892
0.5622526648737145
0.3692073824514399
0.2589304775325549
0.3424874324235444
0.2560929653688056
0.39720648422422233
0.7700615622749488
0.4711267848197198
0.34731242194383743
0.241165473056434
0.2672637365616773
0.7729004536443801
0.3089320632287479
0.024575236548876517
0.40991216881845427
0.3830797040037518
0.8073997828871244
0.04263225272472385
0.03067008436263139
0.050061755793581526
0.2303937401742936
0.3751757424812764
0.02663907373403129
0.02183595346227212
0.14059502764050846
0.20737822902801195
0.30297651395186675
0.05928725540272954
0.013272580533753938
0.2871808767758855
0.24783595830278443
0.03067226664296934
0.03406951101219112
0.3410917069728058
0.22629113189851632
0.030679057128603363
0.32612590969801586
0.0325961147428141
0.3108123632548877
0.6969373415426633
0.6116291542078544
0.5734497880245578
0.058599715790643374
0.31862562090968677
0.28691072538163753
0.03806724461219717
0.36619942820851775
0.48477859744088253
0.028464917920333347
0.026624945233891247
0.2958086542289586
