0.02961498495767987
0.3139926727507824
0.0568031983527485
0.48434190473052324
0.16474541174788343
0.036158307689449366
0.05568610540944728
0.4577728554568085
0.12799279244486833
0.11657682498750158
0.546484866462896
0.03543281486623322
0.023649788677150847
0.07885624036336161
0.030273217442697262
0.14191340591349877
0.2756122373149161
0.8172426170996834
0.4743600396481332
0.0714260351983685
0.01618554291906629
0.3575168440205386
0.029306156454209576
0.07106038500857859
0.26439773253345866
0.11536306916499482
0.38784923538133453
0.4659125178468858
0.3074560613160522
0.08008741867509879
0.5459699638614076
0.10315383463750767
0.8006615058385043
0.142267257791578
0.36475225876499767
0.6548329375409873
0.1348114043469016
0.4776210846304676
0.02431444497421706
0.03911021280724306
0.6502892226383272
0.22088387359541442
0.1291638417706323
0.07341453479369664
0.5464927330342346
0.2962878939794706
0.6348685889206865
0.9625439310861198
0.07430670638298835
0.02583365224062657
0.12313516211508106
0.18228076924819692
0.30919581762348675
0.3532293885907079
0.04274008858789076
0.02242385683562728
0.06932208432619513
0.9938281155378313
0.017213343494095104
0.04982559591449679
0.0586080634678093
0.29454881978568037
0.4198487527433222
0.28885151523695196
0.8659233355062306
0.07692543967523463
0.39871951952614243
0.05849127742289326
0.6339454951620144
0.874135445542291
0.05894659586685313
0.2022561124226357
0.03143611572304462
0.04082072748902584
0.0666879038397176
0.03320116091845118
0.17029798215069375
0.02824912232979224
0.08548247426528552
0.7476183835347856
0.02725450930808643
0.025498663098680516
0.29731158516481193
0.1564042099398718
0.5189024732808099
0.40621105201188656
0.05348041821928075
0.15311706669498437
0.25086868468481166
0.06055464774226538
0.023599639539836712
0.1287083396771258
0.3081687406016314
0.21317603752219874
0.029214959127094042
0.07237877554645591
0.39314979255255117
0.8166906452566831
0.04449795864216752
0.21581242259985395
0.20919208507467119
0.09194554463839866
0.02407930726639035
0.0701632850910526
0.07022140351653179
0.3022413085428795
0.3095373154455061
0.3039158078676365
0.0674425618784452
0.394932304301865
0.2381050662740326
0.023804474466883982
0.2067382182141392
0.4178833947750007
0.06759526745843585
0.8178707888673202
0.02072636597621539
0.5336492100612217
0.03669132489085345
0.11884503942846522
0.3619363018119683
0.18788100943603903
0.18744944246019238
0.018816014192794796
0.29254131606161193
0.12966118204665694
0.045128242792358254
0.027117541585833824
0.1096879012978244
0.14926004942972634
0.13234926683979634
0.04401062749335497
0.02171158523061294
0.03964159386765532
0.6897035901942791
0.7689418176618125
0.5551766195432408
0.9505667786374975
0.02923494572014949
0.0336765847219239
0.1625679246964388
0.68012478431201
0.09917224632428981
0.10196607804081463
0.0644322911656477
0.05312202015588287
0.04317750897437008
0.03499620288948043
0.06278729988779198
0.1765400896995923
0.047062273920007495
0.07794197951759728
0.04345650993169303
0.597690887629356
0.04668661253665107
0.11401645474766581
0.05899102048170827
0.037338323415997764
0.4849696636957808
0.5362652905283136
0.4299638472993058
0.13011976654168067
0.4734856501693107
0.07718941860635456
0.07660171535002228
0.012865803097677802
0.2147648273431359
0.131381667376225
0.05604302748092359
0.1410509820898424
0.04604017983713688
0.4927633080005345
0.029559203496503827
0.6099587187798774
0.043104429382429976
0.540317750549284
0.20300323073141507
0.024848121950109613
0.06780263175761572
0.17954575193804878
0.0465939483512799
0.019949423763725646
0.06217321071470794
0.28413348455477816
0.07491922907161118
0.31689208326436524
0.26135365924083226
0.040262434219363
0.3761134681926174
0.19063088492990352
0.4360004215816889
0.08823773686742016
0.1570866675013895
0.03766529196280566
0.27069555103750637
0.6737153599738216
0.18436181310511748
0.24545417836963843
0.2898421062453918
0.31584207760429717
0.033294563815553575
0.20531313551454902
0.060419865395459176
0.031827586290089985
0.2886659925783932
0.06819498168433212
0.2640830080134642
0.388643742768414
0.32137627565862076
0.028567099484140438
0.10441110497312871
0.03774353242866557
0.07253279427280539
0.13458101957383342
0.3267058945618018
0.038037770265686666
0.2845190972070667
0.12501477313922366
0.3645918300188576
0.1964068574076817
0.023534724363601316
0.03764000637229459
0.5553345701355621
0.4162554583829947
0.2178401853440778
0.16407162866030497
0.02657144898270094
0.06487947591459078
0.16419917998277198
0.5124114547181962
0.07687819070901
0.040045571675574626
0.0322667503094329
0.0846206001828476
0.2515069319224477
0.35267519122245533
0.027825989837084605
0.048121619668574214
0.04164220818985582
0.08307224770196651
0.06000808857704309
0.0366443851422405
0.5519990754269849
0.05976507099273602
0.17988902512989519
0.10205662527702174
0.019221138038083993
0.15901756969207917
0.0434851551372941
0.04870457604846173
0.0733786192556465
0.3348130673604218
0.035284357960007874
0.07072114456908773
0.3685432307174849
0.0704337106423786
0.4807258474201055
0.064860812445354
0.24085756175627238
0.08900118543929446
0.3617874025963987
0.44683139808878514
0.2737536514466928
0.12435715990101354
0.025963268210798918
0.4920583100507367
0.5298034913396822
0.028432885498411792
0.1253276855340589
0.39125551440642925
0.06946808520449047
0.151993973397582
0.5090738128258081
0.8298279950968264
0.04805691862036784
0.04344064555251574
0.06545067393410496
0.08465889508437317
0.12582331835196384
0.025785837394775916
0.0198408137327612
0.1838837965091328
0.05034720000093213
0.6557827987427257
0.0894128798305794
0.06337579733419738
0.041114681567826945
0.3283296979044132
0.09148227145782696
0.02162477253382502
0.2122130743686788
0.03544590282942001
0.03701892664829996
0.8205202762059041
0.0614775457523992
0.4741526306676561
0.026337178536622045
0.06313794706051112
0.12663953830390967
0.24515922775329474
0.7321687951087558
0.07930983885578617
0.082618392054328
0.052646423220348
0.2540079221924961
0.02849615351529367
0.35791883616018716
0.20043073665874572
0.03856089153351221
0.49989833174077847
0.7863586932565588
0.039687385669361135
0.022303546258824962
0.6746354185075878
0.2848848412665982
0.05495347538231369
0.13273004512656758
0.6265293560062999
0.2849651962302077
0.039561347299570886
0.9001808600245468
0.1214867805591802
0.09367965922670671
0.5180449725252555
0.08015114616449114
0.4296812395513293
0.02402821487734626
0.05078238892917059
0.03004382367671884
0.07138387988488809
0.39797228566431386
0.3134053974686033
0.3934420828123765
0.42820827939744716
0.17334689943346018
0.07361189112519508
0.052387601543647314
0.02413750188198737
0.02356385264430483
0.38086082374097274
0.2331815465161491
0.9176604069337672
0.2016273109672951
0.023678922139376883
0.04234676807718692
0.26083517102087034
0.21744045127953776
0.5796277636880389
0.49876421747398764
0.04550530752291383
0.4253581759051818
0.04139897938108939
0.05171761485228523
0.254107561182136
0.5701519440991952
0.2836699443538708
0.11675819051758789
0.4741725221369158
0.23504662863498513
0.19836410839904625
0.029066159030650747
0.5043514757815496
0.018454795421977276
0.15445085851553844
0.03145690225312984
0.04902440387466885
0.03438224608067466
0.5136342481726084
0.023131359440056155
0.5029379136721496
0.016878794752563014
0.02770332664490088
0.25365893731654066
0.025093288689785286
0.029441634576662108
0.031301927410110855
0.16503572480132342
0.1321331399911594
0.1106516829496838
0.8636516130912596
0.12875067854329073
0.2250266655837267
0.018433594786346166
0.02745354898458648
0.014846906565118194
0.03677292439951394
0.04423259589624831
0.04448171889372621
0.26318552221190733
0.12477509229293249
0.6564168772707804
0.22157649131244075
0.06123531371034804
0.21376555985292597
0.029865840673557353
0.3236524057868457
0.02701159304751148
0.0962978877248258
0.549480998666738
0.20967945927494636
0.26212001195756396
0.13255230528883627
0.02326890645821968
0.22835229775532162
0.021373749865348325
0.16063045980030574
0.07449304379483795
0.8683833535334913
0.12300392302866707
0.3985352799998115
0.9810332123385685
0.7153267319497949
0.5463159122299749
0.7884929358896499
0.04999020588604771
0.09425016559564463
0.0914919557955923
0.7203958017720816
0.24124574902700568
0.31913091224751516
0.07747843811174879
0.41208578445540944
0.8759499778319443
0.5262790456305326
0.03402106548443582
0.15531837028116427
0.04956422851379125
0.015849281990698214
0.11246482977890948
0.3442656648411829
0.06740352575553747
0.2867298146155864
0.3184865008420269
0.8644766138278929
0.2657063386073081
0.29903290027150203
0.08380678119592953
0.04499529038794181
0.3991506504606811
0.0408690838922599
0.04921233048834705
0.08192198562106255
0.3380877387749071
0.024659453241784687
0.30534997435647837
0.2037191438193289
0.28438863038676643
0.35146833109115305
0.08999681937536295
0.4347638933453058
0.06509549892861227
0.03899043149388568
0.36771805434527544
0.5625398682511973
0.12455537942832252
0.0923748518618397
0.5752975498342103
0.05080332159761025
0.09299615790236902
0.35873670446733763
0.37644751531913373
0.16158927394421546
0.43149765431773374
0.34094433705277416
0.2883845703269405
0.018927255551619844
0.05891582296882772
0.15299659211221114
0.4498501120762274
0.09211774405988042
0.024952281650210923
0.5997853443808754
0.5458614673261996
0.03295722657297609
0.04219900868928167
0.34211309797809075
0.2836992896721681
0.015413567766944733
0.020640751391679885
0.15777584039501583
0.03320266697200748
0.5480555600507456
0.1937594224083033
0.07119945681463989
0.04433561932395614
0.21895451061074464
0.006599371697850208
0.0950218294799637
0.09305057480160639
0.3005216440044256
0.0766184789722352
0.05905406994448237
0.3462617137614022
0.07038337044936523
0.04148213859889161
0.021892348721733908
0.038079524161433204
0.14700891519218592
0.13540253628548565
0.022229260282038286
0.02912769356324807
0.6896804417244913
0.1943427116843371
0.06047600139821595
0.17748129847447247
0.03614205101469879
0.2765803776215951
0.2732344004898201
0.029083154220779464
0.6840851451469464
0.1749080212496552
0.0250258955331714
0.05358467333511361
0.3623005680401478
0.16607855105916347
0.03632566606991195
0.4089724672118607
0.287083614232117
0.17622454717857527
0.09595703449305079
0.034755652645640546
0.08616453912096697
0.057988933350122625
0.3079977365052838
0.11255392837384443
0.05660843754524862
0.20756966544756053
0.11370344594328816
0.5669362567361044
0.2835725801623753
0.1663346964209534
0.20268637137481954
0.03984544595568713
0.5247755366002868
0.029353606791211975
0.08340003811030566
0.08716340140551884
0.7075004051601839
0.14916965077619068
0.330631602153107
0.014314302424485368
0.04087175516068027
0.013480343148254689
0.03751742498097274
0.5382146195031362
0.059555904305030105
0.18535898895236455
0.4695189018220969
0.04461929288793102
0.24010280228000266
0.3440034048644715
0.5523344292510645
0.4436668173731093
0.0611171364899532
0.21825433944829978
0.04056750956651998
0.19108456085252307
0.12954611829865043
0.3461162602819597
0.3477187292778815
0.33688572126666216
0.12062517884081632
0.036396347808915826
0.023130023520206794
0.48048192889073793
0.3440609871518623
0.6598447109582409
0.01710478306949567
0.15296097923313046
0.4446744984684067
0.352298658402294
0.21404690313008104
0.0318466859100606
0.23753809417421154
0.29116755083097956
0.07146479155786288
0.37389926310285526
0.04241795321768367
0.30862948996413486
0.026229438389652443
0.4515378786143045
0.7676409533006007
0.15606777528725124
0.029942200986220385
0.05472579425501607
0.14076143567184213
0.02106453220554781
0.1615798597271249
0.0336073347552572
0.6800396282314699
0.10652138983402767
0.44632211725169774
0.0314242413487016
0.0666081411065571
0.09158779716725261
0.3497239116346638
0.03716608158052422
0.033065340092910275
0.23350189659119566
0.04558727203691274
0.1907287632961305
0.9944776051587659
0.03202200276543867
0.013544629648431214
0.06599947487538872
0.1521077704125616
0.7559136527377527
0.7728846140470998
0.37603772755605763
0.038229633277392594
0.6065587405318118
0.1059171814332565
0.4032007297928519
0.439079968929215
0.42876626817822977
0.12426705571904709
0.266529782794586
0.3959903054403548
0.9115147179143767
0.754755477912464
0.19327215643653095
0.5699183963265347
0.050697437055533395
0.49209833645730444
0.027453713844763413
0.35008587263686064
0.8018852906981785
0.9887988101032776
0.7833920626020562
0.03139698499950493
0.3538904219810813
0.48762293879728646
0.014659588154360949
0.03802211412608895
0.008454561006718054
0.09820707480261631
0.4070329917592014
0.71456431670343
0.04196816215064931
0.19800285149964023
0.3557330540140963
0.02678044094738117
0.4722393124579329
0.6941159179592381
0.3196140155353411
0.3058678696014378
0.27748456142973554
0.836815698690902
0.020910888663174018
0.025744776334981703
0.40580761884566646
0.18708867698328266
0.5025588374369521
0.2579422154352429
0.9353182181595512
0.05615079478695012
0.15428296667244604
0.1649687869364289
0.35308583311674757
0.5275653691728078
0.1382262931000113
0.028137629635157833
0.3424367664335446
0.531529120095366
0.0481128350999868
0.7421742801059286
0.797515290279196
0.04342297370371293
0.1329197220279325
0.0273765524941351
0.2232182996993324
0.4081898793007585
0.0683495261121782
0.003386155709582032
0.38900165103764844
0.3203228997998313
0.04737850841194292
0.468225062380986
0.06518504120236238
0.8753618002994346
0.3385624347741241
0.26855133606134957
0.2699349091663707
0.062440649195398705
0.04011085187382643
0.04513811411792998
0.10358929196641524
0.1881305029577479
0.03664465492688525
0.08918441408854232
0.012215682014619865
0.21108843450913042
0.26432949696169505
0.6878498096195199
0.03541521011996936
0.04404932253277194
0.01593635652177882
0.46868732629398835
0.07846194431164931
0.27550510170371095
0.18228817642324122
0.016419063416829815
0.5258683107386753
0.05632989462876072
0.2499909130755243
0.01313743213300354
0.30352995624643175
0.35452114384807737
0.7000071747165557
0.41668135482318913
0.7060237657929528
0.10959961879035426
0.6309571651788259
0.02841226090973616
0.9796512539349559
0.07407126392653335
0.03428621225711056
0.020084234238728498
0.0579082827907302
0.35298632544662023
0.16379643029203225
0.8126235972181016
0.32412772039488624
0.7095336959947711
0.05979232992543931
0.6337304476358376
0.18738569527976082
0.2871717230021574
0.1786451636382627
0.025679284833894606
0.20454885035430226
0.045664214038347924
0.06028191558091442
0.06105622516613912
0.6327430334258709
0.25695094558662396
0.4071737060977433
0.3736947914993532
0.20385048723677124
0.37092790595485686
0.022801462335043727
0.30799613656253855
0.0721846950991554
0.2460713571472773
0.07420020384908706
0.009004639565344578
0.16912224452760988
0.21445299296400683
0.6425921794883708
0.29153103502204036
0.275881598860097
0.05628621754590739
0.4933504832139477
0.07501092959721184
0.9957400144313827
0.05665219254636305
0.029393380743097313
0.18209002593269638
0.13773602447065428
0.09261307424824208
0.4054578297177766
0.5330208028020992
0.013001454076689237
0.06412939237669421
0.6680392107423562
0.3474719439202154
0.14182115777876056
0.06893317691225771
0.2978833542550351
0.020018611199706292
0.19753647508014316
0.303356038924797
0.024064467334863997
0.08784823514726116
0.1849475339205167
0.17313480063771816
0.27631708328005256
0.2693595896249719
0.09053779843146886
0.37000284361164926
0.013928366836904562
0.7707057494374988
0.1131881426368863
0.2996743971586011
0.24074401346326788
0.19526030337076844
0.2960315477743958
0.6427386702918251
0.009690979258984374
0.2434645950716114
0.038223765541090145
0.5290509418954792
0.3287568070773302
0.31722027584753854
0.07136612393798251
0.45704803565017493
0.035370426079470586
0.3635040688381937
0.018919380182724533
0.12239067706242612
0.11280945993121215
0.26047753816936464
0.4024350849955797
0.3691050773359032
0.25846470689148476
0.17339138366039186
0.18087894113099287
0.29972831366798297
0.509617076705615
0.22573113832521938
0.04177435562752185
0.031484422457582324
0.4254513122436798
0.06245535196460872
0.2572949323354886
0.23454923518317985
0.179148397643111
0.10371002855253972
0.2847092358369187
0.04434129419888161
0.9237958627011629
0.35130698880561667
0.39121357345656166
0.6267687410809153
0.08606709670596452
0.034133784406648805
0.27391251415563084
0.3285569596449856
0.6479330509969051
0.17193136787965244
0.035591919198512977
0.7920741887378987
0.7792142374470757
0.399602640109315
0.05786675046856773
0.22806438439267873
0.021821370076106086
0.09612070255304282
0.4671716547356173
0.8168800244896929
0.20291911074994112
0.03538252037014257
0.23227047806903867
0.4087301636208726
0.29753257461612925
0.05097082698484202
0.435079457886854
0.0710313342869696
0.05298119180359781
0.03197395668619383
0.8016073744852399
0.4817881988651677
0.3741401784484597
0.02435109569589616
0.5860694920484694
0.17640110860711997
0.04252165815550146
0.7023746769780593
0.22069484179037296
0.8047625392334576
0.0212701242169359
0.4671324671525211
0.45003116265413884
0.10010205325435333
0.7235425497953926
0.77399135670522
0.5089080871472849
0.38694994061578397
0.4109794410839282
0.24969669851197035
0.3070775193997213
0.6323722324826847
0.041181339367554436
0.4509377201545154
0.47371914497030665
0.7257188487509748
0.4265852124853638
0.32536121218251707
0.05947103384956687
0.20722583149765939
0.026109981698439713
0.36811736910481524
0.16954830100459747
0.48425180647663635
0.5207652996686243
0.37616116915927367
0.46631321759504213
0.6293532409131969
0.05513727858005763
0.4923460059900624
0.3328410124850372
0.4719490145832753
0.2293087468651936
0.6461057310839087
0.9431479911449947
0.023840134006261778
0.8004391926908493
0.298214061397047
0.2543097965626014
0.3365402472222398
0.12834961666032865
0.31603253426208966
0.565097046692807
0.4119060667822409
0.22076938846403352
0.35982625894805503
0.3625000842248234
0.35373016509500715
0.4752392821351523
0.1968025866186801
0.3288834109069694
0.49235103533892827
0.6471353311347056
0.5421826834821195
0.37824207139815225
0.255494721731356
0.3298951113217695
0.2592250365395679
0.3728774974073944
0.773217464841307
0.4862205027826276
0.3069957711133365
0.2402486295718808
0.2734883739096531
0.7731794049027284
0.2812739231181859
0.02459771416190288
0.3949502419925027
0.3471383717851073
0.8132314205510254
0.04140143091972905
0.030426390950966584
0.05241943159112207
0.21570790138332674
0.3710891173634846
0.024502553525189073
0.01878612876714328
0.16274579145379703
0.20705143686407365
0.27350983385963623
0.071073017109485
0.012502872037323198
0.31517654397804845
0.2810534267214211
0.02511903287923509
0.03498015728060317
0.35508445942969935
0.22553416127201312
0.028634147585495855
0.3070113539381111
0.027230111493734065
0.29723824792910913
0.6826780341312948
0.6139384235779444
0.5891379096714445
0.05336935729171062
0.3459597292789132
0.29149560411249775
0.03900262400496898
0.3459175237200192
0.48527767855875836
0.027188955641966876
0.032358551093740896
0.2824475809990155
