0.028662151472383143
0.301639541676073
0.06049125369602695
0.4693506483870414
0.1604343165277972
0.036633231212430416
0.06283280906215007
0.4610814841660185
0.12449091946866271
0.11672210341679806
0.5452097987056904
0.03814182145851447
0.023287754504953403
0.07551002599465965
0.03336931182341564
0.14828564144345388
0.2980188433814246
0.804860152020249
0.45341815249545264
0.06799367956382102
0.017250992638048655
0.3856595841419321
0.03233728351591223
0.07468886970558855
0.251932436217753
0.12472492235175041
0.3898620016235647
0.46146933286888975
0.31287928908234464
0.07275458057731309
0.5222592887031441
0.10243412407480763
0.8161194087148723
0.15560338503737758
0.41370689038058156
0.6362543962080937
0.1340475139448084
0.4536859764341566
0.024576530861147285
0.04006243068842287
0.6716255586133477
0.20654457494711626
0.1254079794791326
0.08138301897469895
0.5628726637582435
0.30345055282004146
0.6015902072645383
0.9636245403721451
0.0739751049971591
0.025670800549788913
0.1187179674953598
0.16061433664890218
0.3112768733035346
0.3529992036017388
0.04365995201281241
0.021305656448764813
0.09395999287366073
0.99325954518705
0.01777078768232171
0.05036735241124479
0.06001796569768303
0.289135553232112
0.4094763076414476
0.3039067766237491
0.8692123712119089
0.07824902970638253
0.39636894356080155
0.056640705674912604
0.5958111711953763
0.8729438238455172
0.0561848442715538
0.18399246834476277
0.028925227980681877
0.03974286116655949
0.06745777804665823
0.03931018540847815
0.1632872501545521
0.033887134703444774
0.07757551952168953
0.7495722677231414
0.02632022831397425
0.02724071901752757
0.28415063611755886
0.16167754562633394
0.5103970987761441
0.41643942496100145
0.06087445297278422
0.15554306683854957
0.23855320223471155
0.06174627412198163
0.02562304231662795
0.1277156391276966
0.27507572793148366
0.22457897792129602
0.03213038423634438
0.06184933182444041
0.40138327160307274
0.81481260835145
0.04828572446734401
0.20907393122921794
0.22442565952727064
0.09063919473962484
0.026646057539461282
0.07131234917432266
0.06998811890617422
0.3053805232513817
0.3130163464057511
0.2705255764723109
0.06978676078326908
0.41004457507548586
0.2667779075312064
0.024177139222626022
0.19717452139243988
0.3486083809434602
0.06571698259249462
0.8244843177927232
0.02167039060289166
0.540799374757142
0.04149844127339653
0.12383574666813137
0.3562843593979852
0.18502189502397268
0.1736251382254915
0.021671126274098142
0.30461345014620955
0.137279052345687
0.047932167529740846
0.028472455366132285
0.09943519739315455
0.15024721945342107
0.11259890860988003
0.04405726006583066
0.0226159494645792
0.039587903906377064
0.7102975740941053
0.7598113161314711
0.5383596159032131
0.9524981993669926
0.027512830545044054
0.030280015746852983
0.16734219663510178
0.6898647991757384
0.09798296605693857
0.11284001652436905
0.05953152162950449
0.05835626498900147
0.043947521035404676
0.03470239050366657
0.06331640148868309
0.17308404701621374
0.0512954240901582
0.07103546612238365
0.036087385640002155
0.6025718603014698
0.056721566045237946
0.10806540577801932
0.06769627908907246
0.03503206709671063
0.4969125490334388
0.5067918484792988
0.4005503440749229
0.13664663371274527
0.46993528751215197
0.06639441517011373
0.07816305034584735
0.014236176399700713
0.2170978940533967
0.12126983609616741
0.05303850804500291
0.1166646134788433
0.04728914741636144
0.5015004965080548
0.028135377281403265
0.6029975748468872
0.04213557040975901
0.5274984858251354
0.18715403052551616
0.026773990477981992
0.0737340308702486
0.18504821876499256
0.04600557150539208
0.019504121976937877
0.061973767541913076
0.28304994821091617
0.07176547800124117
0.3280887628150681
0.2907361793328672
0.04273947881167684
0.3801381854453416
0.18135881144181606
0.44812155515851343
0.09947818146437448
0.1246618717657173
0.036161699472797834
0.29649304638472107
0.6873890440091911
0.17796805883175196
0.25384705411078234
0.2893875794439839
0.2773586915277925
0.03629146704771662
0.2090576494172094
0.06375869948367657
0.03641216777191958
0.3040585965310541
0.07313222558807893
0.26438566995272894
0.37489491627501176
0.323718716436408
0.030396856729397313
0.11032425054039482
0.03702171431259739
0.07004719682521472
0.12457342220208903
0.3326332159407255
0.04529574677031376
0.2980796178509553
0.12206559312837646
0.3626616761729163
0.21297417527382492
0.02255063255353523
0.03956336047630539
0.5438340019096158
0.3407269558267712
0.2502498185136428
0.14122930091677907
0.02350593599319535
0.06594220633308348
0.16752049740348632
0.53335033106489
0.07386864160047657
0.04218574663985527
0.03687852256802434
0.07277122718502813
0.2501652133375808
0.3596895397337386
0.029265506257046298
0.054537332993827965
0.03579939467524381
0.08795963444952282
0.0584234029892563
0.03180115408141016
0.541143002116724
0.05683014150752926
0.20301603624381387
0.09047632041466992
0.022404992519849606
0.14954140061891907
0.048439444150082715
0.049986416997826404
0.07776103722220716
0.35041915087616565
0.03655252585551667
0.06747425945021142
0.38366582532081617
0.06200908575441239
0.47823141176249745
0.06091563514673902
0.22825325660747006
0.07979362539903458
0.35410280586636483
0.4484556191863633
0.2989867651889235
0.12684599600251203
0.026184596478772817
0.463801936062852
0.5319449983979885
0.03038161770285033
0.1295909146066703
0.3690700014809525
0.07072886757929771
0.17843887222390298
0.516070374621056
0.8269119585603626
0.038018511081268774
0.04978652057067665
0.06772951697798567
0.08841604608591261
0.13239914662667757
0.02711048684669353
0.01941878054531726
0.18204343266501974
0.051544412349620476
0.6507092822718551
0.08964015603109117
0.05648576962823507
0.039538340458353145
0.31409121958743247
0.09718839959902263
0.02202204000719666
0.22668748235422168
0.03314306011521088
0.037959393318241955
0.8103227501842797
0.0566210803849345
0.468342741996506
0.02770266830405895
0.05541023023095582
0.1255188682938529
0.2226463447878592
0.7205374789824044
0.08172920610787796
0.07250800656599589
0.05711956090251328
0.25228943748259863
0.028046253954773632
0.33928539925806506
0.1975968412919015
0.034200749345574086
0.4914533053112738
0.7781657043163872
0.03886530263311445
0.024209010184245434
0.7018973761190272
0.29758753645133434
0.046587194312070535
0.1362058501325786
0.624299061968813
0.27062440838103025
0.03704910235398353
0.9038238554086448
0.1135060423942538
0.09934114497564234
0.47760122734446947
0.07538551157262736
0.3949831401421364
0.022177322418995157
0.053640572472887935
0.03069013199209064
0.07470821153405877
0.37560171240359436
0.3292646819764573
0.3899358933533183
0.4121178301133759
0.17529736490434722
0.07435305689294125
0.04214131949084899
0.024268685679056816
0.02038794746226473
0.37914005725066585
0.2139290700858029
0.9214905788052478
0.19044505849051713
0.023363934130625208
0.04166497269939719
0.28084643488964134
0.1941262075670235
0.5371634031437792
0.48100667987585644
0.04810366703013527
0.41329413424299033
0.043341152541350285
0.05102804973961847
0.25821304436337045
0.6032142183885667
0.2832175823592607
0.11135241382808991
0.48451686481064865
0.24048968520850297
0.18365168316034355
0.029129481221503745
0.4849677630617763
0.01819193569888302
0.15815039129368913
0.028822040373714983
0.052109681931478406
0.03665307866523081
0.5410226509379571
0.024262497371733676
0.525021231821146
0.017167849296244278
0.0280695509319945
0.22315277854023585
0.02613294423505673
0.030101029976048792
0.029767097864384293
0.194656897964244
0.14027722869972997
0.10114746470424694
0.8425073574098849
0.13286615429085938
0.21717579765954115
0.01800261029594525
0.03000461841381345
0.017230964169076837
0.03452074924818629
0.03735202787700243
0.04963859177427454
0.2648784460234722
0.14050483317134077
0.672270405319952
0.22228978366769225
0.06336061126286936
0.21197163093875154
0.027104557348697465
0.3533299102018464
0.028849927143149778
0.08779251552501077
0.5782665915565798
0.19264337981304144
0.27680649931055407
0.127947835602924
0.02260122107775715
0.2093222905645136
0.021664307521593755
0.1574680514103735
0.08413560307572684
0.8642054569710742
0.11111467536353421
0.41201320520124013
0.9807266146104198
0.7230494898631625
0.5335935163127944
0.7723983609138286
0.05304765504415424
0.08803448670609827
0.08897439494878774
0.716399847952123
0.22037066603218833
0.3083842238454934
0.08098538195276475
0.4309671120541015
0.8818032160589132
0.5543309430782443
0.03171912919896769
0.1614761937670239
0.0516116193788683
0.014960648480757129
0.10472594747970192
0.3259245945598632
0.06311130984055324
0.2962678347287679
0.30121348144937193
0.8644173750975674
0.26018372090402275
0.2987327077549321
0.08070406726121775
0.047045331038353816
0.3963761620858328
0.04180105855107553
0.05540974801110741
0.08628639095393473
0.3204765498996375
0.026797630549502544
0.30407175620423105
0.21633985298689265
0.2707449261500009
0.3689676085451502
0.07845459848218786
0.4089704268276506
0.06159427558847195
0.03259659070107805
0.38702960878515086
0.5351296801110951
0.1239957536323708
0.08885093156288036
0.5163459890024815
0.05881415829555206
0.08986442709294264
0.35230029106960725
0.3634461050785002
0.16935160979966898
0.42825875694737103
0.3347279004265345
0.2719166137310625
0.0231690376239862
0.06411413707395078
0.15073970960617405
0.40254645537172895
0.10561567114965924
0.024856364001787448
0.6270559993506091
0.5402380114803499
0.03247156422631564
0.0404920543687284
0.35387009567742395
0.26999788876675845
0.01766882008528936
0.020792055650937592
0.141674092406809
0.031331020997109375
0.5727326752072994
0.19946087270243942
0.07984658519471487
0.04837632972468867
0.20867408601008403
0.006700328668357444
0.09606018056164205
0.09259944592110261
0.3270024248089625
0.07365311834154725
0.05118008828090595
0.3402191223782813
0.06468842349567051
0.03961505599422966
0.023509259394997428
0.03682583000981434
0.142474319735951
0.12109761427217541
0.0235463284856101
0.03175439847084971
0.6666205188382804
0.19794918606083917
0.06509834910683332
0.16217584262149715
0.036534861834524215
0.2548007395051812
0.2883702006986964
0.027946361856384376
0.6939129941134885
0.20613846360462626
0.02638153483634498
0.056637208268658715
0.35985544356865723
0.16089023484434098
0.040058237133798046
0.39149006526557295
0.27498068106719625
0.2070389490178185
0.09708134408204344
0.03946144108606862
0.09209125490392836
0.053275703095508324
0.31972871606297965
0.11773080814063502
0.05537165901904865
0.19488381061366727
0.09576211827776458
0.578558654602533
0.2718355707708977
0.17956505611162607
0.21727149398019693
0.04584380692873352
0.5240392076074074
0.02918599357031241
0.08201989318229516
0.08513383358383968
0.6918481277937046
0.1429841882230094
0.33388078130424015
0.013563514413392649
0.040396034165088905
0.012740765455247181
0.04215302702652928
0.525847489822255
0.054693446671370875
0.17556325108955032
0.43801600242550665
0.04849957057314051
0.21174142478374222
0.3215353589306589
0.53445064493793
0.4402242175967445
0.05640957843123976
0.2225580108476373
0.04236714370497128
0.20087666124483314
0.11873136051233796
0.37022223507907503
0.3549294489779082
0.3491403931786913
0.11206505901843176
0.0378804732467416
0.024550885967266043
0.4601236962498144
0.3443617223222833
0.6664485337219214
0.02076357236609775
0.1708633922403792
0.4325824929637401
0.35221784645922033
0.20919667152180452
0.03327407521656493
0.2842047940579262
0.3015832046025787
0.07604846998455995
0.362431200035312
0.04426102350426843
0.3033964328027923
0.026746019346838304
0.4652541951881467
0.7748194447138878
0.1519493487693842
0.027093389681104814
0.05362727879074033
0.12067619872564307
0.01735444594097826
0.15002642464998248
0.034501533072864764
0.6769377172763558
0.10419131872268007
0.4535922628639513
0.03299248848177686
0.0645391331543023
0.07564206863992698
0.40856654845785145
0.0359987772959156
0.02762466983705624
0.23509003858760508
0.04584319092058379
0.1677053746116074
0.9948187363870331
0.02668640060794609
0.014564168564843397
0.07179371306418009
0.1447543994898014
0.738667769132672
0.7781700438614726
0.40480907965060825
0.039728711135460594
0.6065205153437806
0.10520152529402499
0.4113805426189872
0.4622784541871376
0.4177312465964753
0.12970077777766612
0.2819431536218102
0.3613183501311363
0.9026715460364536
0.7500621130553774
0.19265269883994957
0.5719439928193897
0.055087468341213856
0.48505580252712654
0.03107640406859118
0.3574739601773397
0.7804763539661512
0.9890700666759203
0.7360785262233065
0.028170585120875998
0.34511767851817365
0.49495800754274255
0.01574973618490337
0.03449899634275035
0.009180182227394728
0.0909670464728521
0.400633648197221
0.7155172264751719
0.037933049947026704
0.19192918848238785
0.36268762429707196
0.028489927928643837
0.49449157413457523
0.6955376741604288
0.32556478267177175
0.31797697446019907
0.2920290946816861
0.8292938552517823
0.020978864525573144
0.03047095546013333
0.4077168230349839
0.18742636117584577
0.49534289860665487
0.26190337291218546
0.9352086006206437
0.05612967211675239
0.14074324811023117
0.16158279739060963
0.3810107772599266
0.5347740409940263
0.1636496420024088
0.03109672952906606
0.3300344816081033
0.5211816014897583
0.052090221363510214
0.7196040976556551
0.7903371307700511
0.04942606156849863
0.12117471012019645
0.030136477745911553
0.21748974281272232
0.41340883199078704
0.05932977658069137
0.00381364748186926
0.4047450752320973
0.2973321186468711
0.04998202889598675
0.4562597356483537
0.05544348352216798
0.8651271535869675
0.33330229473327344
0.25677117546103706
0.3045215722818337
0.06972460788976698
0.04210458005906512
0.04358099567131245
0.09858872201151561
0.18651402943152537
0.03603004586395539
0.07844344338400709
0.012742039108298239
0.19634761157997746
0.2659039391834375
0.6896984289443351
0.031610243796534016
0.04551491870313927
0.01787159205467739
0.4480456285096374
0.07562115502889624
0.2583871643672999
0.1825475509674735
0.016256201081463285
0.5466196581853087
0.06505469549849537
0.26938328798901123
0.01181054160901022
0.29666940252281315
0.3640591400382718
0.6975672443779348
0.38463017137661315
0.6757195928500549
0.11175814095820312
0.6346240148573075
0.030647027754802606
0.9792024582451209
0.06704822256981055
0.034496669337599636
0.024035993866586364
0.05754618163359439
0.31775857692364484
0.16857515127014075
0.8032513700034378
0.35160606384365134
0.7048549865037018
0.06035792496973442
0.6419906328443726
0.16454896148937692
0.27547539486509076
0.19407812679204675
0.02385396542889513
0.22673843077334854
0.04280803157024516
0.05737298476641121
0.07156268436481988
0.6288835720214591
0.25655682697920734
0.41033566107698927
0.3708840885736309
0.20369140799764035
0.36477190137258614
0.02339128113576
0.3166342845204088
0.0634055232989865
0.22788022522623602
0.06853934633506752
0.009178261572357963
0.1671875791563214
0.22207304303972802
0.6528399837129326
0.28549464777730993
0.24313055919388205
0.055202836080379646
0.47519904630971865
0.07275743258435481
0.9957957536483341
0.05346208925664834
0.02658880925502564
0.18469902913900405
0.13336798176471074
0.09314009604957543
0.41791049155740034
0.5516310918691752
0.012678077223919112
0.0639438115228708
0.6532563039550788
0.3346769992527409
0.13602538467401937
0.0737874460952052
0.296889848793249
0.01933106599018583
0.20951872251367565
0.3275256108664086
0.022160251432798754
0.08051676265410598
0.21137826503202808
0.17799946628132282
0.2861227260907805
0.27262990419895367
0.09391917189793035
0.4261977530539737
0.013224744312247025
0.7765523911577834
0.12322010047052306
0.3316551925418699
0.20733672284121268
0.18832677751659738
0.29483339344580645
0.6764384325931448
0.010141732616952686
0.24118840009932743
0.04132378643825262
0.5537930934879984
0.36285140777191355
0.3534466434467313
0.07153540693107038
0.4458166624993624
0.03892909821998772
0.3724713871391597
0.021197980108900984
0.11705767648823016
0.10692594809072446
0.24444955097326576
0.35223847957545734
0.3929050603852213
0.24271440039303754
0.16307206811142808
0.18865010245859554
0.32218255618004077
0.4985001826138541
0.24858257774866607
0.034214650260760905
0.033257050153421654
0.4176861882597222
0.06142993817318999
0.2538084095271722
0.24147637545837813
0.16321201304928348
0.10296770345411055
0.28151310031992605
0.0498260952660408
0.9335416218329893
0.34385415697408134
0.4169630321628645
0.6251097198743373
0.08684872903930545
0.029743964146117238
0.28104506784821365
0.3268382390381496
0.6502465450464759
0.1720606848860587
0.031126352412038153
0.7714826044749818
0.7823034180929079
0.3691458868738195
0.05074293071126769
0.21913375514012845
0.026473862560011312
0.0954795779132338
0.46328173802743383
0.8165953753731362
0.2015205242479803
0.03628378554255526
0.22756173469871355
0.37425958620178457
0.3058759986169873
0.06150623985319593
0.4212496899231188
0.06502847962587928
0.044565184161206105
0.030032147271807818
0.7942051911680109
0.4466379307269355
0.39655029797153585
0.023473159440417387
0.5825681320261222
0.17481219464924358
0.037489288318806845
0.7064961051332863
0.21166562681475648
0.8056030271058371
0.019762510842956993
0.5023236014307464
0.4207683548346746
0.10672229954095355
0.7119185603767963
0.7762518674636691
0.4664592408866524
0.3994413687022239
0.4091410256854214
0.24595329345769715
0.2895105984819128
0.6547906104070733
0.04167423702853439
0.4615850353715307
0.4636769312737731
0.7158628010630584
0.42668071423072396
0.3174439346833966
0.06464454861444596
0.20876767207923783
0.025944841669795143
0.37451042697583536
0.17574123589517898
0.482644450677798
0.5152999679583333
0.35388127226846733
0.46123062913525764
0.5932822506825501
0.05516402168173899
0.5319943233926397
0.3034820159863262
0.48256946578547233
0.21791945757706857
0.6384030210922588
0.9474786198298274
0.02571435756752175
0.8255689656228752
0.2635872970620578
0.233615517533883
0.2926886949168821
0.12539240911282207
0.2985535326379248
0.5536034649444471
0.4181657997072534
0.21785504690721533
0.38194603454399656
0.38501292501594747
0.3570575085593256
0.46090717698923267
0.17271025617262123
0.29563940110175363
0.49150229354813685
0.6790489928453965
0.4976940049015292
0.3697933318606268
0.2626228434073478
0.3362722104847069
0.24837607946671952
0.36125763701701247
0.7877038478693709
0.48309742854158993
0.3447066035614459
0.2223705543239986
0.27449414332792044
0.7590765726777637
0.28931798512338724
0.025634241174266815
0.41428982266352304
0.3639344765157543
0.8304850684168191
0.044509412614428125
0.036380057615762455
0.04899054775985884
0.2433067991390606
0.3646119085141677
0.024284035141993076
0.01960289240779187
0.14298468271194767
0.221358945312563
0.28450708979734407
0.0776128367015774
0.012398779943051686
0.3270581263957579
0.2855107468019502
0.027007262194847524
0.032266203579692704
0.31544404845935764
0.24277498254248095
0.029192433573965275
0.3083658257495369
0.028004738776753895
0.33272322245962327
0.6857186466224572
0.6163542764970437
0.5620611418501829
0.05866844497876054
0.3337533394597678
0.2896437718934425
0.03998371239512097
0.38371393720207964
0.4590481182407428
0.026125839469403448
0.032039575737311386
0.2985140167589547
