0.032975894245552445
0.27560943913589203
0.05509823171673748
0.47012442800254045
0.1707765861889038
0.04008085164860906
0.06412525651552078
0.4612849607730572
0.13044960097648212
0.11865116550174935
0.5407596303375393
0.03740913857960936
0.02507488987411636
0.08567094559528789
0.036216311471849956
0.1393187523622713
0.28882034173253474
0.8163636635794352
0.48030940055233984
0.06929201740571818
0.017944133551582326
0.36174795080638306
0.02910898281561393
0.07168506570007496
0.23555942197977675
0.10809240071612633
0.3951115679593138
0.437501200779792
0.27305813916779387
0.07574529761488014
0.5233151235788285
0.08776104121320642
0.7934334062657993
0.14828736566779158
0.4175124796543975
0.644370071100544
0.1433152738757245
0.47490230242133774
0.0247646390891808
0.03703094831642806
0.6817253314242546
0.21545310910906268
0.12545256812927108
0.07626815646234437
0.5430146198034402
0.28037665898832304
0.6149936439906579
0.96556125536619
0.06790543635879706
0.029050822789648555
0.12130400113687892
0.18205248983691633
0.2945703565547059
0.37539443609019296
0.044303754108645295
0.024171465149565318
0.09584446755039375
0.9936627796799599
0.019434846388441306
0.04545940942337119
0.06444843797132495
0.2927606005916713
0.41193076686353663
0.30322668057923774
0.8764497009562029
0.07973088259971806
0.4150216195296469
0.05970526369410468
0.5855395095346861
0.8676102211481804
0.057294682828882275
0.2083134086133992
0.030869251735907825
0.044280939422304225
0.06857894475059056
0.035951764482543336
0.17034371131288897
0.030494258413691935
0.07823278196560893
0.7247196040044674
0.02775645704878978
0.028002203495776284
0.29046441952237834
0.16089135950888017
0.4972008875373236
0.38432885485453466
0.05439014426433197
0.1486106056203801
0.23935581814286033
0.06328682465719793
0.024651928657603628
0.12048554091046916
0.3010103754991077
0.20312913459533546
0.032549260344305476
0.06045559792695195
0.3652876802955453
0.8127016463301332
0.03766283141278558
0.20964421892641058
0.1889529174751417
0.09319726892693289
0.02186896744277796
0.06887158841683842
0.07295755997725904
0.29253027424188754
0.2957199278506318
0.2873881679302632
0.07418272184886072
0.41927227845892323
0.2818203073875205
0.0227650117925339
0.1740486573519117
0.36800660594649387
0.06215996412503842
0.8187680662033474
0.022324208117684277
0.5433118891514679
0.03952056653601602
0.12432977813328094
0.3449009030599693
0.2019039040130684
0.16397813610854425
0.02257775358955019
0.29062487615715105
0.15408939825452045
0.05019541884681159
0.02595612796579807
0.1027730829875024
0.16026247011889136
0.10885646062973241
0.04029901607812306
0.022065748191913023
0.042839327961313484
0.6588755114445889
0.7802434454560035
0.517613705173258
0.9540692127853639
0.032670878388167034
0.03282243161082228
0.16222636279439012
0.6884193068478104
0.08909122530472731
0.10479934659643117
0.0657620521362352
0.05628225405499832
0.049066870338314965
0.03298288458294511
0.06026575423014903
0.17641707266786835
0.043301207225119376
0.07504312361787648
0.037181851606781335
0.5945471540876548
0.04486024387265005
0.11431143415156667
0.06781203799545008
0.03932511903789585
0.4903522951622986
0.5004225118250657
0.42496469538595455
0.12536414387191536
0.466034809499899
0.0725245734586929
0.07452655339715289
0.01345588966751322
0.19945862606469086
0.12939320998180692
0.05234504790857783
0.12963797031498028
0.047365624709430565
0.494515650272118
0.02951985342806175
0.5585919743836923
0.04449868457313051
0.5075536351647396
0.21591684086906035
0.025460962993463704
0.0724480361254735
0.1888177206233477
0.04515327019708892
0.019419122106193704
0.058095210203972215
0.2500649810120641
0.07558546644467655
0.329251058747079
0.2608206222060117
0.03980936385895623
0.41204206487112316
0.1789530956425692
0.4431673267508571
0.09319096307271571
0.14999660744401827
0.03465816741477087
0.26925297352864724
0.7076228573045131
0.18021252869023624
0.2568703683297533
0.3164475666583256
0.26573870333887545
0.032779206357584315
0.21863995771069006
0.0648824497244418
0.037720314378716036
0.3238783271696888
0.07021909063370287
0.2551891444019719
0.3771827133232822
0.3346163272632153
0.026637892464963172
0.09724381432685517
0.03584911074280609
0.07383084272065599
0.12950641816466651
0.3577368803993209
0.04270133418919055
0.3009155506987543
0.131956955819638
0.38179650171129903
0.2162319991379742
0.024887519862165666
0.041425816578789035
0.5178864208418997
0.35265700611247225
0.208093686404647
0.13376138197701123
0.027038069357612715
0.07286211511170018
0.17223917317010978
0.5121507206377434
0.07239684559067155
0.0343785459178841
0.03782680168968273
0.07214848588224558
0.22058917310495507
0.3158074312265722
0.026100424390775787
0.05217318288431574
0.04004452692174572
0.08727978826164506
0.06547670637879613
0.034435955619777546
0.5150332779820683
0.05709730549684192
0.20848376487051493
0.08599620115510687
0.02539551669547676
0.14884233078328238
0.0443056919789578
0.05043362577192055
0.06952083892341168
0.3238999897622002
0.032449047061362306
0.06664677483598122
0.32702392474080616
0.06752484890155526
0.4512721274445335
0.0622415415937898
0.23531346741432776
0.0748095257840366
0.35144164471800365
0.436337320714101
0.27129297868089775
0.11452134057309658
0.028162124882234834
0.5095808282044579
0.501149520078834
0.02981590961999847
0.0989270456768219
0.3852692556530029
0.06869405001862237
0.18626312831510958
0.4967884663027721
0.8217340031567427
0.03948543978093379
0.04424759018024895
0.06989810379387823
0.09304958018091439
0.12656155055332471
0.02916204122833163
0.022329260328205338
0.16856603685187668
0.04556442414323384
0.627556169432271
0.09322443248509527
0.05552324190079177
0.04311385354329598
0.3195545706958692
0.0976358506053211
0.024234905437607222
0.21023935739872343
0.03036374315750704
0.040533423607968404
0.8047489155244131
0.05536316190551838
0.4675753716952981
0.028756191846861106
0.06674461121613448
0.12844290858265558
0.2377747703128146
0.7278181103430875
0.08168960559803798
0.07609829977558892
0.04680499980058269
0.24529369025887246
0.02760015043667341
0.370354599728589
0.19435643744980824
0.038983985841336354
0.48015422008430936
0.7913493790703873
0.04116795610467428
0.019497876809533254
0.6870810648716568
0.28234420661035864
0.05044516769335386
0.12933196225900911
0.6306577059454906
0.258608096987055
0.03892799855867723
0.9047948832284625
0.11050084379852064
0.09499109566429845
0.4568589128357411
0.07210048934904155
0.3954756886731999
0.024120111300178326
0.0577860794432377
0.029160726330978284
0.0781759368958604
0.3926453208657185
0.32266459274885473
0.37777235990146624
0.4265383767814259
0.16667660357585373
0.0718917356177977
0.04336365996741872
0.02315694406468483
0.02028127496973669
0.36654328152055154
0.20353459811648905
0.9174487142688467
0.1862225533017956
0.024054233769966644
0.04328624718250484
0.27248548001075396
0.22830789636698356
0.5544410175410713
0.49526769178408214
0.0500263305608078
0.41714828496285433
0.043254221747571445
0.056239369936031576
0.24440101670728603
0.5884913989155557
0.2790003274298254
0.11858584365574694
0.4981534762060776
0.23220715422053814
0.19541478251745656
0.02841002521900469
0.4696727886457312
0.017056102605567617
0.133025632584701
0.029123998729532766
0.047618944526135985
0.0382248480182491
0.523020951420121
0.022393995127810675
0.5376716195588235
0.017587703366539066
0.023939315569645604
0.24557077245360928
0.02646407450914082
0.036666409202169035
0.03175075454951671
0.1834121013087624
0.14486553248194445
0.10411562729813681
0.864953125826513
0.11728214121671743
0.22339275978101378
0.017045523894772152
0.032578164881296875
0.017934129933204753
0.04042805364284363
0.04020519093440608
0.05082036343787146
0.26514793695439626
0.12049147559077526
0.657545604658031
0.23966024395104465
0.06287283415945359
0.22157436105699863
0.025726184569162255
0.32021474437879643
0.03141139641160862
0.09512191281868267
0.5799096992580146
0.21024248792306272
0.2681653311202346
0.12476394343792122
0.022510196502534628
0.22619775977140333
0.021154217924707973
0.14635488170882374
0.08136638807681525
0.8645068384377387
0.11519035596658818
0.4108797202325031
0.9827325024536541
0.725613847317688
0.5025692016538733
0.7691833785573021
0.04301208093031306
0.08445749318110425
0.08373071884872814
0.7043641632681454
0.21499331538272257
0.29613471155259835
0.07105981084357092
0.3955151958957002
0.8846565829770884
0.5145799823874057
0.032653708516372316
0.18821583263606695
0.04818141449034025
0.016980005455226096
0.11895240423497888
0.31819424058094464
0.07531591651897313
0.30081045026212844
0.31535357429048727
0.8534452149178594
0.26061913949225757
0.287167802404796
0.08112414309007837
0.05197263748133052
0.41416947144591326
0.04664063068152218
0.046354274614767134
0.08324811189052649
0.34394533043388453
0.02432284231209681
0.2833682480329482
0.21809553401778883
0.27144463988085965
0.34139264935096125
0.0929457937150668
0.42901943356973127
0.05929059928816376
0.04109424750352525
0.4068401623456868
0.5100245587886514
0.13539100675665225
0.08650168750336626
0.5544684977604027
0.05786511988794156
0.09129519437072754
0.3446911808039204
0.3800933333513236
0.16693311160515245
0.42401046004632487
0.3462034704155972
0.25877791142027023
0.024088646880248962
0.06241626387887138
0.14691374835431245
0.4359275358294291
0.09683948643979884
0.024394194074540423
0.6114302334877377
0.5761859517522276
0.03206345656877159
0.04300393018669112
0.36477115514638114
0.26437892446458267
0.017476582954445024
0.020067634352861102
0.14730654748155322
0.030901988212577267
0.6064518108174896
0.19432648225345076
0.0729730408385932
0.04843760656955663
0.22674283125124228
0.0065076317676982
0.1000153493229931
0.09268694985922331
0.3263784362167271
0.08040490026491727
0.04988498431509507
0.3493136996367884
0.06728314973480339
0.040853221809820706
0.02207878879968029
0.04042985133690536
0.13393704395695905
0.11744063697271784
0.021939726394374935
0.029491308137367812
0.6802840403013642
0.20192462952050905
0.062634847017526
0.18604249309414653
0.03376216610373645
0.2635721944705195
0.26094004310757374
0.031140845794738255
0.6573589932251108
0.1896222560424139
0.027178668883240144
0.05454458311119583
0.3394223577293867
0.17855309471758538
0.039936254970724505
0.4018883331514029
0.2678255472853618
0.19806740626838104
0.08984718220415003
0.034762417014943855
0.08404350562296586
0.05995704233171488
0.3233893821440763
0.11693803452369775
0.05907867956554547
0.1991219378670106
0.09471685331527685
0.5559081444025284
0.28744009131398063
0.18665309886575282
0.2229251786606661
0.03732776240164729
0.5214215587601326
0.03168265240599176
0.08521836727702761
0.08646436581288895
0.6938795244456142
0.1464463764753383
0.3018651020753467
0.013866129386292697
0.03697330765184118
0.013187974592987444
0.03972368958459584
0.5261528708793531
0.047466503744082844
0.2006412891317647
0.45151513698229295
0.04681223725470258
0.23969426766001636
0.28308095250516213
0.5227483252766187
0.43943281945126106
0.06169947612072976
0.226469242310936
0.0367132555450199
0.2022793007933943
0.13878152085792803
0.3441988883938138
0.3313772728368121
0.34688298191800837
0.10889347467658325
0.03761112127057918
0.021662930442896147
0.45391527533902215
0.33887486936257555
0.66583227098661
0.01900959250128048
0.14993015445556138
0.4299220465587606
0.3739209784086867
0.2055362631355127
0.036861229489899026
0.2638562975263137
0.3068000982820882
0.07417751612351488
0.37067509092981055
0.04268800459468323
0.3184201553580382
0.02583049248226821
0.46072101890138173
0.7621197416082157
0.13457107693707204
0.02715815610924578
0.05397457992079769
0.1382687053025511
0.02157447942530253
0.1611035157582246
0.035192518435849786
0.6876274912541605
0.08872378878926174
0.48646491600893776
0.03907536185297618
0.0727063197926446
0.07701573153904
0.38076239395351863
0.04335612185482589
0.0283411507349312
0.2288932271831601
0.04217705022016761
0.18490606826593073
0.9942019843921303
0.029037519066506742
0.015235990698572937
0.07069801895764893
0.14677783247644707
0.7331775957181503
0.7809481960441377
0.3694808471577376
0.03776230258634193
0.5980090888811347
0.10174535093048051
0.3766546486073054
0.46449222869875334
0.46508575864439994
0.1329361675789082
0.2791852729970692
0.385663668111938
0.9109595881483612
0.7316503448993674
0.20099935796277893
0.5651822710631467
0.06127806769986246
0.4468390935382767
0.030706719105214674
0.358042741881554
0.7981726932446351
0.989650986284316
0.7475676318218744
0.03155059847701517
0.3490804606405762
0.4870621513352228
0.016976235070994244
0.0382284477815754
0.007327098786880638
0.09744643573027297
0.3892036494501175
0.7096751724453656
0.04611453376806543
0.1922864301761854
0.3524932402695785
0.02978685141358421
0.49232357104027846
0.6777934262580507
0.33013701501292275
0.32586507501580236
0.2579682562735625
0.8353224339732753
0.021784954108414856
0.02647040576085731
0.3915408709429845
0.19702384169455903
0.47891942118980046
0.2765101134646402
0.9322848609043178
0.05273145196063545
0.14412683822848743
0.16828176636842598
0.337957597815319
0.47650088686420616
0.1574149399572594
0.02723375291868039
0.32326721401775677
0.5360710318383178
0.04966426511811228
0.7345099350513421
0.7853303023082865
0.04062837191751453
0.11789951682940854
0.028935740853499738
0.21503985920851365
0.40609541866299037
0.06149789168287555
0.004278773418519427
0.3560736065631721
0.3438367691054012
0.05107956150429619
0.45033224889547097
0.061435925094097746
0.8728990662947029
0.32044531299778917
0.2771649731402966
0.3074175766247561
0.06538422082975474
0.03898452176290702
0.04373994502037987
0.11104292076893915
0.1778691968057966
0.036431841670713304
0.08691438765547109
0.013244110174419454
0.20437130712223114
0.26978323161340706
0.6938145690814477
0.031235727239932738
0.042900876482281865
0.017775230086004016
0.4584427335691922
0.08136271983410906
0.2560286364751138
0.18361375093170246
0.017033038871970857
0.5409543860029575
0.059063095605780554
0.268666533673342
0.013000804831589594
0.31733236328737374
0.3402007372192647
0.6981652689679868
0.3786439093533273
0.6491397598748757
0.11589145813187347
0.6213430950630968
0.029202913128123165
0.9803574176238867
0.0712285993424982
0.04141392841200516
0.0215364602586888
0.055980272826006636
0.34984908567045825
0.15167502384811926
0.7992218073913147
0.3412158979264482
0.7028182922921943
0.0636733073041058
0.6269909774295125
0.18430108313981838
0.297028287057849
0.19467204320686507
0.02721868768978563
0.2195602812679437
0.04535571728373884
0.053906084448561736
0.06568249322670351
0.6072919952396209
0.25419293130718784
0.4072278209140239
0.3468543034821643
0.202894098031465
0.37656931947556965
0.02307093263615265
0.32254505642584785
0.062302720320901034
0.22274116110024206
0.07887483690519245
0.008461746341558904
0.1806554043109997
0.2114505483332155
0.6734295490605773
0.2929240381958434
0.25305171277992866
0.05294764054532118
0.4891732749686222
0.07158710850297535
0.995970802021272
0.05814348696010404
0.02641554368372169
0.1981875881429106
0.14705211928183468
0.08511468423582734
0.3969344276974366
0.5580970902696163
0.013584843685492815
0.07228000091618605
0.6541706187425892
0.3538208319152479
0.12937705665351107
0.0584772794494291
0.29685716053082317
0.018633917535471372
0.22524332793080717
0.3298057394428854
0.02284329868683964
0.08616559341615586
0.18634190006803394
0.16255364550984824
0.28157414951688237
0.2582521660380919
0.09123930004370556
0.4189863051341722
0.012192606587311526
0.7586455523167909
0.11248743116509624
0.32307164900187174
0.208801149912943
0.18501554648912633
0.3127432181614324
0.6413353029067975
0.010382392055507585
0.25393916755800033
0.03840145189172681
0.5239399427078147
0.3459065566651569
0.3255425936999517
0.07125420823208624
0.44857552674800555
0.03805135792559862
0.3841332731950091
0.022725007066403007
0.11635932322346398
0.11691009693547766
0.2533226549366693
0.37078236189506314
0.3776883860774724
0.22449245417652405
0.18996784593050078
0.18668593657055035
0.32255768923660383
0.5096217246797706
0.25615957324134075
0.03625719050598149
0.03202404462983288
0.4085053321219365
0.06420825053388529
0.2508219007782282
0.2502815753414978
0.1741094584476896
0.10378634791002951
0.28077524503311957
0.04876198246917697
0.9292655641145551
0.3309835275790038
0.40327513953262284
0.6462634261638623
0.08456584695344782
0.03428124679549816
0.27390660900928737
0.33578406188718574
0.6506805862141636
0.1679214033534559
0.03274831177189173
0.7622375293443527
0.7653870331317595
0.3811077800325745
0.05601817257022414
0.24027984966895177
0.023408558375588386
0.09483719642831238
0.483112212572348
0.816913014577189
0.19165120474731237
0.035621175118490604
0.2193050023725495
0.41077700922945276
0.2648674362953975
0.05137916884189615
0.4219966421547813
0.06858033429014555
0.0505355162191263
0.030196462741388347
0.8003778127347245
0.45158537139785004
0.41686099541414784
0.02249476152987597
0.5729635265246964
0.16375014910476512
0.04378769949589486
0.6785695791275808
0.20871082546751385
0.8061737088805849
0.02357752517267136
0.4843560492377738
0.4213332910103021
0.10435848605119594
0.6791993261433115
0.7689818724835349
0.5103119518933865
0.3740161381513536
0.4257907005587041
0.24102702339197768
0.2924048131570999
0.6438365456977071
0.04529075940138506
0.45618478886744845
0.46021968495539756
0.6953143638061065
0.4393026102981484
0.3437628000634573
0.05936621405250741
0.18791561632900539
0.027583288978623437
0.3494535222639174
0.17757257766001025
0.49707491969924655
0.5057156743694932
0.3639888267343693
0.47450420322150366
0.6224229581623999
0.056835636769228814
0.5232993224276423
0.30979065944832845
0.4762982442549298
0.24383301920646963
0.6454903938970649
0.9547458657389992
0.02545223765157684
0.810919969541928
0.2801570380532463
0.250851803016629
0.2960038717930985
0.11751242780505276
0.316803861347332
0.5767548506866653
0.43857732781050124
0.2013970485018794
0.3533762243258459
0.3488455757826124
0.35317364828727194
0.4958366506815637
0.19932665096913782
0.31925580717370144
0.49439628625521814
0.6639423302230645
0.5347010519516846
0.39033895342218544
0.25828667410563
0.3268850190002727
0.24393890626108283
0.376274294491101
0.7601857792722925
0.46911447705537596
0.3408231962539051
0.24159763615972837
0.26196367434884527
0.7761361994882308
0.29844800182430303
0.023079303014779524
0.37591695885344156
0.3736997765287727
0.8134730381101368
0.04357287519363946
0.0352985184550108
0.05207533580676704
0.22562530115800078
0.37773330932442617
0.025986278573982734
0.02058776231247748
0.1477801384236245
0.21498058538845857
0.273402567875407
0.06876870755678109
0.013181068189875434
0.28913719717300307
0.2541743718465693
0.027189302122172156
0.03698936433749377
0.3548266093958219
0.2188883289128435
0.029211749495725855
0.3325092975146296
0.03262408565321234
0.2852176903913964
0.6608883282691179
0.5970802270673707
0.5368200786010998
0.050513122275296016
0.3344178589969364
0.2820149541041517
0.039685684571700824
0.36729654413682766
0.4579677425776172
0.02650947740541408
0.030951467256971465
0.2877689308010895
