1.238190621546922e-06
0.7515878269499272
0.9999845069425541
0.9995464349340248
3.564830299766962e-05
0.9814718689070968
0.001345639462118681
0.022060127952784614
0.00021596306900176056
0.9997127301500256
6.385067182387597e-07
0.7449500530458432
0.02530346941498013
0.9965186448241604
6.566399474511604e-06
2.928126831174404e-07
0.0014658631350135422
0.8921342011664557
0.6328597915131081
2.373443447015531e-36
0.999689672381266
1.1581965706361259e-05
2.976585951782703e-05
0.010171733561314292
7.446691343606441e-06
0.9999999991827541
0.4452781376634489
5.81329424316877e-06
0.903866589468919
0.8099493100509682
8.00925303460944e-16
0.10673310256702587
0.9999990487838742
0.09180616983531378
3.1483096248787954e-09
2.458714895903925e-07
0.24478709389868045
5.606775296001746e-16
0.43302317245387933
0.9950141648808234
5.954921114625967e-05
2.047005732802057e-08
0.999981562869828
0.8389923691383527
0.9795219678177204
1.1863387043448414e-07
0.047559428720502804
0.22324588852306856
1.0675481691807794e-08
0.31263978492884364
0.010925829423028017
2.620962736786522e-06
0.9999845243551545
0.013996179561474646
0.9999999999985547
0.7961743280089598
1.4806881185456338e-08
0.7421568683895885
0.011176365354303582
1.1540363219820534e-06
1.7728631712686733e-07
0.9997035811083023
1.0
6.265288268735359e-07
0.5032874506695703
0.991513530737957
8.887447225137829e-05
0.999583386560554
0.0003104809233969602
0.9985838419599056
0.5281836472404853
0.006142270442045973
2.963191854994067e-06
4.889662324773209e-06
1.1433278711639383e-08
0.3835148198135953
0.9999999561981738
0.00020040885236109163
0.0003970230349224949
0.05239017933929289
3.9328277361787055e-07
5.219991440224294e-08
0.006068114745365838
2.2933732493968762e-05
0.9997457571996139
0.8103763093479092
0.00013668991487644552
6.213481345872652e-13
0.00019583668567759458
0.9326196275676174
0.7716873621233585
0.008532523661554185
0.984667576249842
5.1001662655666304e-11
0.9961779135339894
0.05577179044571876
1.1755676061238193e-05
0.0023158570006967124
5.7485468250720244e-05
5.050575796375911e-05
8.410432416357843e-05
0.009801794410646355
4.7668549175740497e-07
0.875957848229607
0.6985911935533446
0.9916124849696449
0.011171947060939085
0.0006532687232471968
0.9702781047987603
0.9999928363553996
0.9999182858215653
5.181082937339643e-07
0.6504005450745711
0.8324740575072085
0.9999976797717487
0.00011800377019213074
7.418329935543585e-13
0.10222072794922053
0.028212534618898614
0.00010331900541011873
0.9999945248608293
0.9712643190971939
8.659386546679073e-09
0.0001416167657477464
0.08467475223835727
0.9997888968159514
8.853964140566466e-06
0.015118904520940096
0.22148571474659348
0.48160416348986174
0.9999966818327634
0.0012445179045768454
0.8001314235821645
0.05385055091417591
2.47637827948244e-10
2.5194824586547858e-08
2.159622240037625e-05
0.9999999999999339
0.2119207527941347
2.0675556490878217e-09
0.9999999961023629
2.6594956983298797e-07
0.9637687314811467
0.9999999302767402
0.6524168577366118
0.9020783312223994
0.9964776196281889
0.06143486367568291
6.457300705233844e-11
0.9460626668096742
0.994082130667708
6.325003196294995e-11
0.9772048902862661
4.893167017548095e-12
0.00871829305550704
0.999999495732693
3.206022545500001e-09
0.8057309073646335
1.0760243012792385e-06
0.13494653766904505
0.825404738234856
0.18320611381839863
0.9999999208169509
0.00037210222625781936
2.502735306726569e-05
0.0015895374375271836
0.005785928485661904
1.0792260731325727e-08
0.18122994277908203
2.3680443486855334e-06
0.0658678201801757
0.09560075372749041
0.05829217383899195
2.910355330289428e-13
2.7146999800175164e-07
1.846973656915502e-06
0.9983170807865557
0.0003142411054704365
1.587868402334243e-05
0.6474654031877302
0.006679985066681627
0.9994175465570745
0.00023491553021229536
0.7261464814826842
0.9999989908458199
0.13176457669633898
0.9999159293856749
0.1764369094113284
0.9998598990636435
0.999999935178879
2.535763728998498e-06
0.00413874325433819
0.5139548156182459
0.00684742307589081
0.004144179324965011
1.8208255954103918e-10
1.0465434252354853e-08
4.271883017080009e-07
0.9941955428717992
0.011748638386028078
0.9999642303493939
0.999969784290954
5.224901071328787e-05
0.009259227354141822
0.9996659539838997
0.09916048862009937
0.9570288231773516
0.9862285924051819
0.7479756172614407
0.9972083582522357
0.006246661703993541
0.0009312167335897317
0.9997228082812204
0.6924600287153987
5.050744905450045e-12
0.9439077695334358
0.9999998055374714
9.758810333562538e-07
0.7955177038093773
0.01621147281125684
0.991433302562531
0.175431430941152
0.996468267661242
2.4445727418065325e-05
0.9807405587555917
0.9998884041258221
1.3402799569518323e-07
0.9671415617774133
9.199047117034732e-12
1.8561100649176784e-06
5.351929613401988e-05
0.9998839150392025
1.0825962617482211e-05
4.5361366583565444e-07
0.9998253869485496
0.8344561611511313
0.9997318935346567
6.430826748000045e-10
0.9960728362633843
0.030630199958647197
0.9999863329780608
0.9984480038457195
0.9999980844598749
5.956605472025896e-07
0.046560046291254806
2.5707428010084544e-07
0.00020128630528937834
9.906987083735416e-05
7.596472514276533e-07
0.021058646028955175
0.00034057590348706947
0.0004037342295534017
0.9989951410438781
0.9917449450827664
0.9733262334975287
0.03932415542594134
0.02561399744636628
1.8034234862259585e-09
0.9957008559919547
4.741623249092912e-06
5.114685810178684e-06
0.4805544991888545
1.9534823852124e-05
0.9999562527099798
0.0002925853931617934
0.0025948511515053885
1.8254149844148868e-182
6.0067928441491974e-05
2.8794460581958754e-07
4.490439907377418e-12
2.5914788879706907e-06
1.261226230746809e-10
0.999548489499464
3.220176394727632e-05
2.829833518447818e-11
0.9995294107107529
0.9748725736547087
1.6973165323708644e-10
0.20442138703990595
0.0003477920547458547
0.9799156379783035
6.407646591483638e-05
0.9771734846484511
2.926008123074079e-08
0.9999851269663966
1.4020405675046695e-07
0.25431474310270397
0.8988800847039599
0.9968645267335141
0.9629007590336699
0.9999999957603954
0.19955608118070087
0.9832573290034574
0.9999179685219919
1.0
0.9996821244905757
2.7074352923566247e-13
0.0001801960438071329
0.002053165990089371
8.468810525719248e-07
0.010471370826599212
0.9999139307445777
0.00015489459074265224
9.478478962090718e-07
0.9565552973285404
0.0025865589995862728
0.9777541070753312
0.9999999613448258
0.0005417597676331704
0.16335942493867425
0.9867058074796857
0.9998120379349508
0.04081750258902164
0.0030859604091457095
0.0007522548476248111
0.0003049670729880193
7.236590861590994e-05
0.3693048794553233
0.9999999999685639
0.9807829722296287
5.085590864387479e-12
0.07172324975383075
3.381409238976905e-07
0.6451095561381017
0.14220142798233398
0.9996386964027603
0.0026507795390846183
0.9999999999861983
0.5280601822371327
0.35850579569961216
0.99982697883591
0.8629746079650136
0.5927160990765666
0.9999999999499322
0.0023245220468428567
0.9981445529288795
0.04030173447828329
0.0014976182151038298
0.5698537905835567
1.0
0.0004831024993387687
0.9723703041136176
1.7293834102420154e-09
0.0073058013945497035
1.6532473383456713e-07
0.022320785251666905
0.003948926444871646
0.9999999824567924
0.999999599513597
4.750787994542285e-06
0.002927453879981212
8.217414371779974e-06
0.9999989144322539
1.3536232941995792e-17
4.2480211303574493e-13
0.0013264249211509972
0.0002589448124721999
0.9952287071875767
3.1056060481319633e-07
2.3176429936749623e-05
0.9914789880444803
0.8464388585226472
0.9999969851831211
0.14190822121537264
0.7019563278235884
9.983693849535547e-13
0.9999867281737015
0.012774525142125032
0.30139507713713015
0.999994865919471
0.9992282875977816
4.1079992963390396e-05
0.49878552196761294
8.100571179815426e-07
0.0012946722169635075
0.9876627393755548
2.1344862452795733e-09
0.9999935022244894
0.9996305733897802
0.9998435133311675
0.0032087274918766143
8.114801373077263e-15
0.00020538709568154886
0.9831785566374243
0.9945260674380388
0.0002178310715888428
0.00032937143759736987
0.0015195698652664329
0.9978589747785436
0.01397212936010099
0.6953043665470657
1.0171461044930676e-09
0.9987514207438358
0.03074825556785567
0.9925503794738658
0.9889991359737518
0.9999999991752918
1.9388451721844364e-07
1.1171641242247705e-07
4.707370773538103e-08
0.0020447370805362092
1.3113877000472873e-05
0.998671627612014
0.8918378094401308
8.7330445947857e-08
0.7925172012975616
0.999881795281463
1.597967620102281e-12
0.9999999043487721
0.9677156369180865
1.7815464976477018e-05
1.7041751844540183e-07
0.7151571349209782
0.5844870304089703
9.066425521365947e-07
0.9999993160564598
0.947871182019716
6.679566894101047e-11
0.9999905210159264
0.0168903884918222
0.0966155728164292
1.2963653989299439e-11
6.7472302708622815e-06
0.14549117569522987
6.451769210608038e-05
0.9998728624268174
0.006122827272095884
0.08360020726752534
0.671505382531461
0.9956522145870561
0.9999999998935788
0.9999999857076362
0.9188565156421543
2.7034348021978494e-09
1.1102802900710727e-06
0.9995821898285354
0.018650733803814136
1.0187307662604297e-06
0.016018119815470036
0.011427101670596544
3.1192792302184856e-06
3.7267446682216545e-05
0.9478838678006606
3.7260670485963137e-08
0.00942885532429266
2.090137445745604e-07
0.9999609579370724
0.9995106353587485
0.9997644444727483
0.0023688943399140104
6.184251729162251e-11
0.11160901610329924
0.027858969857098202
1.3380602796146918e-07
7.98411816321011e-12
3.9584104310187827e-07
0.999999999999968
0.9999986050960683
0.9999999840865347
4.0814158106582665e-06
0.37140169231403536
2.186105398710734e-08
0.012760992504312363
0.8818264022875792
0.0023052873254419907
4.439533731572145e-05
5.638422659976093e-06
0.004377454321477928
8.556953692170699e-11
0.9999176489030188
0.022512102490701406
0.6465882084257727
0.9999411775692978
4.246227195311593e-07
0.01372710684485449
9.900953675566441e-12
0.004846670372312878
0.001910463184283123
1.962781667413526e-07
0.0001521015344896291
1.0568673593087373e-07
0.994045666373867
0.5185870287910265
0.9949277273893715
0.9998740434995907
1.709348249894723e-08
9.649880651844083e-32
0.9939107300851198
0.0004136600727542632
0.9985768307618793
0.017414809159160598
5.867633827622669e-10
2.7213238705610962e-14
0.9359150571230795
2.2482694506656186e-09
4.634767787709851e-08
0.9999852383286885
5.911034925786101e-13
0.9999994154252513
1.3924962631823126e-12
6.33911268836489e-07
1.3546035473664543e-07
0.019680813755356314
0.044948060545413775
1.7769847596356168e-05
0.977542211856057
2.2173679524688093e-12
0.7007178213627505
1.9381427512684686e-12
0.6661000836724169
0.0017486666749626251
0.0002508813569884967
0.9999995425514352
0.9997732080391922
0.5796971521239093
2.78066681361457e-06
0.8086855833991797
0.004893286305702303
0.3223658841875471
8.896037439219249e-06
0.9716408440707369
0.9462046933429756
0.782032359521701
0.018298233169822663
1.2152439732464717e-07
0.8031839017797524
0.9996875531709658
1.7541934493806635e-07
6.309170036697734e-05
1.5196228015891699e-15
0.9997783259195651
2.2208383731851312e-08
0.9989731296142232
0.9846068412840229
0.00019187365303388823
0.9949730692746261
0.5651934172465783
4.61065249305548e-09
2.3302352684416222e-05
0.35766871085538526
0.9214428355516056
0.32441128774202804
0.0007811595676111656
0.25699624333663035
0.8298934485541607
0.9999975695674193
3.0393087146904444e-06
2.5081389010508172e-05
6.799915377839591e-08
1.3737109222980832e-10
0.00014938738031717026
5.032548455096845e-15
1.0
0.04866543259540143
0.0005226238626252092
2.503034478251326e-07
1.613551784205844e-05
0.9999757113028838
0.532137098534433
0.966278796916528
0.0025475328144987527
0.999940816820719
0.9695071401055544
0.006320899896402913
0.528691805325242
0.9461552172183894
0.9999153412552707
0.004943561636885005
0.017622951926188377
0.0003454824694114187
0.053533513497538425
0.9984842797535898
5.594237731499386e-09
0.9904203621403633
0.10222275634795289
0.002840312702387471
0.006124165888527439
0.00048083761253397137
0.04605343104206531
0.058945847706300354
1.4739570905904146e-16
0.9999961871271669
0.9755760888281082
5.274258457772946e-10
0.5453725403197864
3.463129078990863e-07
0.011943985811777167
0.9975450125029157
1.6256831545232033e-05
0.9873261733488116
0.9805825782355516
6.536673031377928e-07
1.573447255021091e-13
6.266415834886812e-05
1.2911967788873652e-06
0.9922073549972587
1.862578533732647e-08
0.7241234593514979
0.9999937649839686
9.60772356395171e-05
4.6135368217307874e-06
0.9999840493365548
0.0020358680508313683
0.9999599061428117
0.7451373479001641
0.013752408854173882
0.027395260499321616
5.076316448227437e-06
0.09911052778006614
0.44718814608614965
0.04858040163528548
0.9847834322891614
5.8270273510468325e-06
0.02882565039895078
0.9941441473718425
0.002675457770751076
5.783639080598246e-11
3.023216049601831e-15
0.9066033502348333
0.0066276740788122285
0.7285476979612115
0.41769384689197603
0.0070092593855208786
0.11212438849287361
0.0008631680071133957
1.3951797341433423e-44
0.8866640526550947
6.55452586883279e-11
4.811991299055082e-13
0.9999996979819733
0.9975645793071731
0.9675149124109422
1.587005052532649e-07
0.00027890693719174163
0.025922386936768665
0.9998699423560332
0.9968303384027628
1.3546770755839446e-05
0.010356748726526093
0.7627427433019482
0.9999932782930337
2.2121047060101598e-07
1.9908962912021548e-08
1.2896538272270701e-81
0.23801945456520532
0.982175735332986
0.006510279267169984
2.2482252067487576e-07
0.9999999639934012
0.0002227817755553922
0.1515348691401611
1.7400627250799711e-09
0.00012067987449399111
0.9999999990988321
0.00015122374578270076
0.5085696460874986
0.9673554484526061
8.051077012277963e-05
0.9880700148908306
0.9465204267472772
2.1744621995586567e-07
0.9999950842754951
9.111327007265745e-10
0.9999980294550436
1.4693825642844105e-09
3.6298791931092495e-07
1.950654036088178e-32
7.577636729080032e-08
1.2629473228414145e-13
3.6071689284370587e-07
0.05432592219785463
1.3523222264499763e-09
0.012839493452757193
0.029604709230802103
2.5010557278500565e-06
0.17504570168802705
0.36864363649996773
0.9992922332953093
1.9627806759119853e-05
0.00044691743950959307
0.07120328432008939
0.011684889107305413
3.935832851769858e-07
1.3745460645906537e-07
1.0
0.9999875871662217
0.8017989676688189
6.178191392522232e-05
9.903242254183119e-08
0.7396327009565651
0.7423370473270245
2.341148169840157e-07
5.734837837554485e-07
1.8658996541701532e-05
0.002606868877198173
6.803907936378183e-06
0.006600047391359064
0.0025344301883518847
2.6278917717368456e-05
4.391817776633097e-07
1.326403657500618e-05
0.008875690694445621
0.0002580385258166686
0.9843823082989865
5.342534958507294e-08
0.06553264532173819
0.290368023416274
0.005840947907019187
1.3070364251052423e-60
0.9288454900668477
5.1829654538193056e-05
0.9999994706297306
0.7670747818658732
0.21239390235440683
1.1636932550791357e-07
0.002831374150855752
0.9999999925529025
0.9744785377479661
0.29507962474395927
0.39656028443977176
0.9189270496169291
3.127006604218974e-09
1.8035588866523897e-09
0.5979878305105737
0.3189816677597835
0.9991758669521253
0.00715840656714437
0.9999999918024115
0.04212090462269236
6.31287247917468e-08
0.995910214097951
0.9999991075719165
4.292284472923255e-07
0.999959330614654
0.5112629175029861
0.9936425661685748
6.357758689015216e-17
8.320173201454343e-06
8.206701211178844e-09
5.755164854556916e-11
3.4560048023874395e-06
0.0751190606080553
5.658215982559075e-08
2.271743249258348e-09
2.57006342260633e-08
0.32323415815966017
9.574715485120925e-05
0.9754998863673304
0.2931619763152472
0.12194720459641252
1.8007093174231317e-06
5.038801621890472e-05
6.027565016574705e-06
1.0
9.322310076870558e-09
0.0002290291770070934
0.9574574111429922
0.9999650660562418
7.137573495441794e-08
0.45354367005964624
8.40132993980404e-15
2.5623615059995663e-08
0.7651955455915156
2.664651370000539e-05
7.929556442147464e-06
0.9999891671328739
0.9963666899290714
0.18586833158686294
0.9999999991741413
8.762946602984682e-05
0.0038573172006274785
0.6049621193865503
0.9985884573377526
0.4957007789921079
8.421688637533913e-05
0.00038740843999344224
3.3783487436309494e-05
1.0116351685552494e-12
0.9999947061017733
0.9999941276935126
0.3874726599230371
8.731100150652807e-12
0.9995149419066633
0.9998065410985166
0.9338157860862144
4.967795443970156e-05
1.0
0.9943837462426091
0.05646872664633752
0.8237460832205471
0.9972385342335094
3.176413414475695e-20
0.0005448568792897626
2.026100317782234e-10
0.8511312500530432
0.9994913509803103
0.9990667022561288
0.2903514044266346
8.263538544734466e-06
4.494855185870348e-07
5.171081070987802e-06
1.2697077349252823e-06
0.8115974388376284
0.9995667009986007
0.8995790909714249
0.9991590047762716
0.9710432086393571
0.883550440234264
2.6159647398904642e-05
8.882285873607572e-05
1.5989538512993512e-06
0.0072987125915296045
6.060310918186143e-08
6.917957487428667e-05
1.2596761413635817e-09
2.215301233755897e-08
0.45288224311494585
0.9970594868087675
6.917288476229047e-06
9.814904533109338e-07
4.185534484510315e-27
0.999999999999782
1.1026996765797778e-11
9.009205298248134e-08
1.2461693058924023e-10
5.596250578669909e-05
3.499715908148571e-10
0.020708563643679814
1.0424687706002393e-07
0.9999962659553622
4.4993226951101806e-14
5.385500453802438e-05
0.999997084735735
0.9982349609411069
7.729859560251663e-08
0.999999476726234
0.082619794489975
0.9999999999990022
0.012582616334132327
3.213176104240888e-05
1.4578940782156293e-09
7.133189980507549e-07
8.358916167155259e-09
3.404110635041928e-08
2.286515128407723e-05
0.8351668398126016
0.9999822286849338
0.00035242222639822224
0.7346476993989034
0.4800630717154955
0.0024601205977087077
0.00016197752234192028
4.70534700997772e-12
3.727882199970236e-05
6.084208658788375e-10
0.00022871863013525982
0.22910307087052045
0.04935493423462542
5.748942985583417e-07
0.42770889735869627
5.937401490163747e-16
1.0
0.9861485710218961
2.3895496461206634e-07
0.21598882525675805
7.721249306616864e-05
0.9999999999999998
1.6381893946566425e-08
0.9963145171747396
0.9906343090309184
5.909476729806266e-06
1.9422563059580874e-08
0.00012858605982985183
6.25918768658821e-08
0.8572500030728255
3.252988404349489e-08
0.05297076669746316
0.00029588815827544804
0.026418430740503217
0.5276478597929254
0.00014116399554322309
6.003013123498257e-06
0.00015568240180067078
0.6773704392871337
0.9990610372176794
6.483079188231189e-09
1.8709590882206025e-08
1.1148184365340657e-10
0.9999999497090417
3.0981096188292844e-07
2.228980755932969e-13
4.470414028808878e-08
2.75486728271175e-06
0.005701732314833853
0.00010954203461004634
0.002917696650828795
1.0262622991382591e-106
7.163435149955771e-08
0.9983062031440458
3.041478639579081e-07
0.9990780454942574
6.007280780382861e-10
2.389254852725993e-15
0.7155904494690464
1.3277544277717914e-06
4.4448127279819263e-07
0.0032158207524133195
0.12494989505075528
5.7226524817263004e-11
4.7659984366527825e-06
0.9999999584231405
0.001235890310156368
1.1025861535058007e-10
1.4790307938980236e-13
8.21914718133825e-07
6.0153621632099884e-09
3.670781464405847e-10
6.323431580053078e-09
0.9999996001157927
0.9997811910584993
1.0
2.3847889500883664e-13
0.006405801706317983
0.6869642491291471
1.1124259918990179e-17
5.102262912837826e-05
0.7036727262563658
0.9999999512450162
1.592666202997408e-14
0.999885484093116
0.9999000694445974
0.001388974853209301
0.6830081382674441
1.2590452009301912e-06
0.455768524547137
0.0006780887321014976
1.3712005805925455e-10
9.206081291642493e-05
2.4935048952149325e-06
0.9991432877940102
0.99999343314415
0.02591099452630883
0.0987972063095284
1.2987456917609678e-16
4.535935115406766e-06
4.324929207798911e-06
0.9926288126482963
2.293348491042125e-13
5.184198968330785e-11
4.552470147753397e-06
0.1975151403920005
0.9973160091025051
0.001736215360157723
4.030297497943869e-06
0.0030114355918136057
0.9999999941127184
0.9388685172946963
0.9710404981809804
0.00016672969739207604
8.176633150683145e-10
0.9943115535396695
0.05468223569862402
0.009113087116167214
0.9979445574815777
