0.00995245772879988
0.1844537641511653
0.01790052688549925
0.34406580135980647
0.06622326399838059
0.015658826278351797
0.049212628125064106
0.4061929076759213
0.02235155029032695
0.04604148312773794
0.12672565724654533
0.023884802512398863
0.011585514833557391
0.06572970667033837
0.009897446040086582
0.07740737363244955
0.1240330240664581
0.6006002528815797
0.29187357841218914
0.05949421911153267
0.009005617048885625
0.24865184705844576
0.013783473383564082
0.04170141967759466
0.11617193535461463
0.0484122887034765
0.19096637792176835
0.1533189456301341
0.13351891807260272
0.04398183178244222
0.2539151792177737
0.0648247862543328
0.9234906361690399
0.07241263399293503
0.12287073214767336
0.3444378590400797
0.040035017500955304
0.26798468923528507
0.009897837887671367
0.008981258108601953
0.4022501032795847
0.05815516473316978
0.03985189197019773
0.08759734070213733
0.24839970571583628
0.03605433259274647
0.43232060366440195
0.9561292617674909
0.017207191690148546
0.006022342141619831
0.0447498695755758
0.07526623520038364
0.31779434135711165
0.26171544452740714
0.019244526173547535
0.010938607568838816
0.009215019664739
0.9938603135082978
0.00881965727954109
0.029714938732031546
0.027710973838596047
0.11242336353998185
0.36050037389668227
0.1590955516735374
0.5682102947987828
0.018951035418157073
0.3302719539173604
0.07709976521053435
0.34361287560277964
0.8747429430183474
0.25416745857512446
0.03272212194917894
0.009192193386225827
0.037520262037854156
0.030017929955217623
0.010550174146660504
0.11725803147582495
0.011362358716706189
0.015915678217298515
0.5287977518289986
0.009549827082680767
0.004777336939875517
0.20671740563159222
0.06379987535747966
0.2949563918801515
0.17122342581929514
0.03124323768383652
0.04406186884489508
0.06844534564799933
0.027626849853278127
0.011224211946216027
0.05528587951314895
0.24747927283612198
0.04630556845516555
0.0018182801810573748
0.11375933050143666
0.43393589698401486
0.7774751384845433
0.014028525494995076
0.05549135994099893
0.07240648959730703
0.0683648787304013
0.028359705830185305
0.054161402448002244
0.02003425590139779
0.09734019471015627
0.06732325592459372
0.4179698417684529
0.033122421414895416
0.4193839537554698
0.2110017049393948
0.02966942398489377
0.101497489101112
0.09313760689460705
0.04942846638155902
0.6752822282025109
0.0089533034577488
0.35980997438264484
0.03148819923016413
0.06768861727090603
0.1217849898857131
0.045805365381914445
0.04968751766617393
0.006697765092746537
0.11298337456415741
0.05521942358343689
0.027661780747480682
0.010852342857059449
0.06631149433135364
0.018596943809789622
0.11760841598186184
0.013722655663223532
0.003440289643285177
0.024983659449745968
0.45421104208922464
0.7480107962529026
0.20978668997389954
0.8748725963476341
0.004484316120645494
0.012670101783561831
0.07890849575503235
0.2490737668543257
0.02475239943586203
0.10326872445732839
0.022483957589944602
0.006479507304495874
0.009709808302589079
0.008161421132540593
0.015479142516214702
0.1271084743267212
0.0200522360504615
0.02287623459823214
0.036601124215785506
0.042181154832146406
0.026502435810667403
0.06286184218884293
0.006167671345438554
0.03290038698207303
0.33675653503380426
0.4405015040627791
0.12057381873080625
0.04979927769968183
0.4834894604507954
0.01500386233900883
0.01717597442267386
0.00793251999013181
0.07678780830883994
0.03302825284391274
0.023465979897086885
0.06738228908891371
0.01898354663996441
0.31740281826483124
0.013080647341855082
0.3860524869235272
0.007648180819929322
0.18520901305515036
0.05108542104940363
0.007562344817435483
0.005448600840478452
0.05886893337842541
0.028122086819179284
0.009106323531199556
0.01324584510966518
0.11611746059234902
0.08673363700420128
0.23246934919044765
0.40630598980123084
0.014087119991210132
0.6797006448828931
0.15003088608649012
0.37557268320013404
0.025985789312937924
0.0388211151955317
0.008132179373601488
0.35331553165808427
0.16000214835186344
0.02103441850374864
0.12158525366952111
0.155003685865831
0.08543524567350663
0.013420405054916974
0.16667867980879641
0.04210912135279516
0.006448773426665242
0.1742970058705132
0.025918243619521796
0.5805135793352411
0.11942337580774895
0.2114498646221
0.01167120104844227
0.0588155865005112
0.05937459792908119
0.033219257841347626
0.030929403312397883
0.12040165156782306
0.03243952990979278
0.22820090178321345
0.050310322110023016
0.2181057204966306
0.06253661607860257
0.004389612096623399
0.14128997243112576
0.7203822137351753
0.26955109474156863
0.15371091038669846
0.08653968466999619
0.005223220383323085
0.02763112710622875
0.07903053152856908
0.27441121113706907
0.029461203882932267
0.02089421924481801
0.004109573994916455
0.03381259844735668
0.12330332496710861
0.1774800643344076
0.002525581346314256
0.09443962983479472
0.029004534402968362
0.050961392236118404
0.04155692659715671
0.007530119823071474
0.5335610604645045
0.008559884333049621
0.09877311141705306
0.013814758519540556
0.0018805224879939295
0.0839187533899621
0.022196097446638915
0.007044886604691833
0.08272259559391397
0.1276424801796671
0.01212535610130495
0.03926958128934456
0.29230978340583136
0.023628228518039966
0.22145431486900677
0.02126685847256662
0.14957052568338744
0.026971890365626028
0.1362110160311302
0.317329429476255
0.05935894260266091
0.10973218900791464
0.008165895907222701
0.36760636955947446
0.3436289623538701
0.01462219156901299
0.12132481451941711
0.35593661583847297
0.09527828723236036
0.05651882292206729
0.3691188202110862
0.6789549360082187
0.010080498715185824
0.10598620857604522
0.014384171516125591
0.04548562167783578
0.070310366902095
0.018416776300478357
0.010714964589663522
0.05649694536829438
0.010215257641433278
0.2403529701096507
0.06024541538263364
0.01911926302045601
0.024097069360754772
0.2543538106886719
0.027496096247119295
0.008072239374105826
0.12949333675211563
0.012464952395536763
0.02278042644321741
0.3065187625006759
0.01848444273859381
0.26635640480891604
0.00863826411444812
0.020211316126666715
0.06294286300183075
0.07443679965704246
0.4185742529988724
0.01782856282126888
0.04945061232681967
0.018754699914868087
0.09074058572165365
0.03235330245931711
0.32656692713922114
0.11454097981765776
0.012416791545626636
0.31953323460178973
0.7489074422198079
0.01592051643534589
0.005544084759838852
0.43249824884861526
0.0933223733973879
0.010934487228121861
0.21780540836730636
0.30711583374364526
0.34707056518340773
0.017560742870718533
0.9397291938383638
0.01705067979996085
0.020524850612596627
0.13972713896900776
0.018884221543241788
0.15200391425643872
0.00832466471287285
0.04818165401248596
0.009713465320322136
0.024538460403508225
0.23414710585761228
0.08897816383120519
0.2519441560718812
0.1642030623713606
0.028278831090808
0.007693855708476142
0.01869237221781075
0.0065846222479385725
0.07497407690602044
0.18435367164030467
0.13158582240807737
0.9264263148444498
0.06701920101771991
0.010239572516044215
0.01363292146768102
0.11009684455231693
0.43581709939207897
0.4449583084976836
0.8038529040250257
0.004464242165518211
0.22315271583298035
0.00858842655144191
0.06751660772526592
0.1416172601015234
0.27154977931722424
0.2925774824508304
0.06262170667573669
0.15643588156081448
0.2908854664012853
0.04304889717913114
0.008079210984044016
0.20181339816311555
0.005679582315884081
0.0957558276504191
0.024335755256774193
0.014330770862469104
0.011905842422240043
0.9121764686611418
0.012626303805451782
0.8724942465840501
0.004835659342471148
0.015966102417933004
0.2505700857364127
0.00491051180673276
0.01574808323916327
0.011329582700566356
0.06938071049313783
0.07814680357221623
0.06553289637767076
0.7244891618501518
0.02065397652129317
0.03482549431921702
0.0051541189120487075
0.014626117805238365
0.014097844921383837
0.01739893523307818
0.011361945651131517
0.13279749436732896
0.2018106679607483
0.08549209556331296
0.1953695785772699
0.22268874570105313
0.0260219415007724
0.12800142326466918
0.010476521980587409
0.13829427917730336
0.011890728608887919
0.17770368717381327
0.2779909016690454
0.09040120470798481
0.08281227980661039
0.04575341393473665
0.01338601190622847
0.10211470858590659
0.015220940502915233
0.017333549573326047
0.10362703750981402
0.9026323325389066
0.07756007139054637
0.2706647075256848
0.9560577616349637
0.6129973957876611
0.3251960375752573
0.6188991733621501
0.006509891998340844
0.040300497690375685
0.019342873830395697
0.5286537946365997
0.06902246746316691
0.18567204912520435
0.023935490106122524
0.2264966364398013
0.738587835859194
0.3619522450419257
0.02253099802327759
0.07024007735608145
0.025551912453300657
0.01116930863984299
0.03925094685599493
0.12335794706067106
0.011891972099249623
0.3107024994615274
0.10548546954813035
0.7107501660426727
0.09220066317131168
0.31073438999513364
0.029141003209968284
0.012100592556793237
0.14103815187518057
0.026014038354497348
0.025196332774426684
0.026298463005252164
0.4230764252486119
0.01662693787140598
0.057577904382916344
0.07271607583530908
0.12202609897834608
0.1877196789868445
0.01078632785776844
0.2549297583148698
0.011685052925116571
0.006318633433314609
0.13337021827935103
0.20420988708672402
0.05288702207326778
0.025504795127111353
0.6336513949212724
0.013164117592490136
0.020672134673987413
0.2981620719206423
0.18315607792212538
0.02854592475264531
0.18886858941109208
0.16960325062034404
0.10629778745734639
0.0030746095544355416
0.0453299671382216
0.05504104695097329
0.13999089415928379
0.05232482481396349
0.014043768666383195
0.3906828750615543
0.6075242533559873
0.027257654083001445
0.011424334918093875
0.20911766952912308
0.13941783175278377
0.005216257473217654
0.003479245236207501
0.06229195355875124
0.004550781778669969
0.3490905961659333
0.22352879286250998
0.019146295463525333
0.01432254187545807
0.10646088257802626
0.0016300490565258191
0.060697475034193614
0.04642152360983197
0.13146472280144647
0.05376025243399349
0.03971163159200902
0.05534551715142595
0.019777832757643367
0.0091446782724484
0.010892918030715355
0.013346596003209019
0.10857573287498118
0.06701036242201723
0.0039387022388531505
0.01872595749739074
0.3354026751041419
0.050740199962576546
0.04921559457907768
0.32155412219677226
0.012640401772658325
0.04726001181996359
0.469021082829727
0.013462965003455127
0.7551456058480848
0.18031731666776918
0.027727242011373075
0.011196538962541705
0.17590303997020643
0.16266236912722862
0.026648310213838313
0.3672480751031543
0.35460260985761544
0.20195039249042004
0.042759406215720434
0.016399260549896117
0.03943884636242637
0.02172706378639416
0.23423457182097993
0.0867991935195129
0.03390929507450377
0.07554651711224333
0.0438564404935479
0.785403910283461
0.07571169214585416
0.14779378979485344
0.04623843588186304
0.014155096821193284
0.6682283737206004
0.007577555468179032
0.03525751306588699
0.0508723658653984
0.5203735855218988
0.044955073794442746
0.12616877440354066
0.010268510664249069
0.02708425390478194
0.0095162051375153
0.03234401015740417
0.3726331758911228
0.039110374124153
0.21765226901765503
0.7078786491326421
0.04305659880569141
0.10722273637459843
0.113592213907246
0.4704493638592432
0.41042675701061315
0.06624119127458876
0.05163584701983785
0.0325660385307663
0.060768631613582286
0.09415173838574407
0.22449516652974197
0.19543827016777443
0.2668079145293092
0.05299743810767931
0.012571524005969427
0.004167683042341352
0.2909887089993487
0.16180312930891325
0.7948158361080319
0.00996713073574758
0.022109642557947003
0.36765804049892503
0.24636789824858535
0.10837852663410112
0.10536654025876738
0.17933602346838548
0.18314076851858166
0.02366296870975152
0.34638436560676583
0.028389305124550554
0.13801089205319922
0.007276599384561924
0.06049990771486159
0.5281077168508889
0.5772380623718459
0.008262002537105996
0.007745351612783263
0.04835037952056121
0.010120290278970222
0.12308974983748462
0.015176886317309497
0.5768356244822339
0.032989458006883875
0.12857795200697972
0.020978553802544698
0.027710268872360014
0.08701657336200205
0.22605863333250123
0.013126183280845896
0.01480030642363411
0.12812555687612565
0.020643762638691658
0.09641120106774445
0.9799594734081288
0.015131238682631129
0.022569929769371434
0.0749427618600737
0.11604766580459801
0.7479542074120354
0.8294956653282267
0.13869353997411124
0.02160009115344497
0.5029281400944096
0.043251036846009755
0.5110421790534895
0.28735861327146994
0.16208985703953602
0.09813376072597003
0.0754157662839381
0.14568541491915676
0.8948620730706544
0.6123974651364521
0.09095745356207582
0.3115678505183146
0.014456479424473154
0.8777018392453177
0.006160013779956843
0.42930481211051436
0.8287387037894106
0.9338499621221127
0.7426481822007905
0.021167517320289504
0.11692411228794777
0.6592500008305675
0.005897757577896758
0.03521070773627444
0.011525510360591055
0.06729686415237386
0.26030737893608086
0.742570665416437
0.0203821281530307
0.05631634274770873
0.19553144179118642
0.008455409918877868
0.5231316338890912
0.6142525973693709
0.08520937236101886
0.1472526454660748
0.3195155225915016
0.6624609229450695
0.012918398901938492
0.0059291110013675995
0.49139542915369416
0.1309415357692053
0.13011718835845373
0.1322698397787238
0.8646968416374852
0.03308019325901608
0.17296663716707772
0.07711743771361432
0.1399428823845128
0.31972052931345724
0.07347465187057749
0.029874636666216713
0.1439945895367556
0.25976547915042003
0.020724568072264783
0.5983698524715997
0.8364656341499661
0.01122926491993302
0.014238063778757741
0.010652259695132926
0.08435522065681929
0.6232140663996848
0.028528438819072015
0.0016173863165659655
0.09628144416400529
0.14490430247897942
0.02172179985996654
0.1260043838704557
0.05412567163295758
0.6715519989858604
0.06376200946598173
0.274415403487375
0.40534894628843005
0.031873499111466176
0.010180150238121206
0.012171027163943353
0.09472854711455919
0.11787136160376402
0.004238618979977357
0.02515885775489332
0.008256411844024278
0.19073186338845005
0.1292156212399264
0.644679100666182
0.023150397296527122
0.023647771279308998
0.0030981967847777273
0.4058152228316706
0.03458396071049411
0.31432478184394164
0.08632509116874015
0.009648973335300333
0.35027027498365537
0.02074656189536372
0.45609090781885847
0.005594848801969986
0.045922970930893356
0.31371669527904955
0.6015081932959095
0.16276860168328733
0.4374419264911783
0.06687494489093444
0.5601629659800177
0.022202215570173885
0.9384464283385434
0.030490783928662436
0.013866959655402297
0.016102250346568432
0.017693858420675553
0.190465845929512
0.05075464233146313
0.8234584840175164
0.3280081408205581
0.5924226681781563
0.03417002483641462
0.4795916785366371
0.06922219958347549
0.15619926558173775
0.25739730012351886
0.007901991405417768
0.1505143867456432
0.032249166115893166
0.03206407645269498
0.052655907991460194
0.391668059930544
0.08682507392091307
0.13792395333937085
0.3318362871110326
0.22942704933163044
0.43188369254449294
0.014136571200176975
0.2985964098187855
0.022634168926397465
0.16102872471394775
0.010278095442354793
0.023738542228473217
0.27716245391282845
0.24975776705562758
0.4294006245488583
0.18192110449637142
0.11504258850809165
0.0199049236063048
0.3910109507739845
0.02094547712451373
0.989027213594766
0.017877940927910646
0.011652880555809382
0.19473507301284743
0.02058244331723593
0.023640815703449912
0.20805263351807468
0.6227723692845862
0.031672904099782996
0.008692708145879548
0.699814660402011
0.2437789046276788
0.04170945901889425
0.015632011057942215
0.18507802596637912
0.015209676927256988
0.0873667376197302
0.11038502963381557
0.013174343220521696
0.03900004123307478
0.02039493452491527
0.05862567106594032
0.25324349196158485
0.2648769521727107
0.020660091087374897
0.183440409157955
0.003996747981246993
0.978362988823743
0.020031410640599198
0.2518272493868372
0.19968698251690953
0.09761367497947321
0.06727127526433303
0.638143476102582
0.009264518332700006
0.08426331336263383
0.016156122834623636
0.12651330640814618
0.1796843504476331
0.2197220388823176
0.02886669171174243
0.23180794237681177
0.033943016172771116
0.6171322894964019
0.00312745337452492
0.029858146899158663
0.03495800081312582
0.1522202345480657
0.16962051409956352
0.21309096429451538
0.09688940440234675
0.07235607984034947
0.15972093289010048
0.0915468570801377
0.23422268986030867
0.06271520486752474
0.028588370930229964
0.027160859898912197
0.22442924177089302
0.06537133349249832
0.31570811301398183
0.2074990273026659
0.11295444214838411
0.03532725562817692
0.040003112797450946
0.015126120019567764
0.9223998322041199
0.19944557115114153
0.3244234896136936
0.714460399366143
0.032907497994872616
0.013578598624009123
0.3164793637942029
0.09240470183824553
0.22348730056032615
0.0390365933386859
0.008775366712889057
0.820388457686314
0.9083680611256675
0.5223306678707459
0.024771377715409357
0.041177029342235806
0.007491709039820237
0.009105784612457778
0.09721308840210831
0.8224910356378459
0.1019189096541087
0.03354212308634918
0.23787333751560252
0.13487272020150404
0.25060537827908425
0.04335858596508061
0.46386516289763746
0.028950301741812498
0.02621813644389401
0.018437048224853807
0.683879023320837
0.09955803789641217
0.3296442298037011
0.005046520198982178
0.49604253869191733
0.1780696155131173
0.039586425130292806
0.18130858637100605
0.09036947316813906
0.9094006924461683
0.0030445521634039265
0.2489894330115427
0.2080471428920578
0.06176190804352006
0.845249789243171
0.5290851749823121
0.39132524844029354
0.10870690723638335
0.2508277087607314
0.08367507285708246
0.22296685230772248
0.4728099574877261
0.026149223607752854
0.08706225034132967
0.19112055031015462
0.6668373431449818
0.2555961686496002
0.15794853256000405
0.041726675270200166
0.09988557921244347
0.016200122299817907
0.38705491290643024
0.10654897976956354
0.6406861003563191
0.4076541374730782
0.09820665045988221
0.14688415797242588
0.32442234064529907
0.03731964249360371
0.29658020866418
0.27782104122998935
0.6824034404637149
0.05256795803071331
0.6977794903196229
0.5440199171213778
0.012940805668662965
0.8128860742934076
0.13760701888395982
0.03023448369578322
0.10936292652181578
0.12276162588198286
0.2579363621216686
0.36428516298534747
0.17198761600541115
0.11856281786063581
0.336777208046561
0.14111103615495615
0.1968652651024877
0.2330757684981958
0.16222165954432444
0.12805432425445495
0.40858738129159683
0.628991193585343
0.2568774063868431
0.23827612600921844
0.20961429122668757
0.22328847693730133
0.1109110124743874
0.12216576201183096
0.44503571089036087
0.21157753252145522
0.1529498455278934
0.3459910886877248
0.13765727665429844
0.8370792087645283
0.2730435654547811
0.008099914490448418
0.41331026928723713
0.22459095976939253
0.537509409889746
0.02884104359466411
0.02713910166268219
0.06853994704284552
0.2736551396501668
0.15317051529023684
0.021174726484225588
0.0021952188136744686
0.03128310207214019
0.06704284476113016
0.23612128023895795
0.23352470472649534
0.0006525503276018678
0.22428365380663595
0.12384723906273648
0.019954116412219964
0.012080684797347951
0.21063580371646015
0.09170971635645833
0.017249132737028813
0.11246171569965037
0.023062665013506362
0.13736775526379075
0.7759744605347747
0.36915026696045705
0.4835720604497645
0.03343624519927037
0.4150451257148653
0.17349664605768556
0.0028249842979398776
0.307139903204759
0.5047183346592624
0.010791985535592038
0.022147626954700926
0.1738786752282443
