4.5917346913504956e-05
0.9955054081873906
0.9999999984481667
0.9943644354173666
0.16595946057428457
0.995814567237776
0.007065575368788868
0.4263826773901861
7.891611597025538e-06
0.9999497449016255
5.105989341854475e-14
0.014129504344044813
0.0030747357679697827
0.9999687891902981
0.002687089140147787
4.666993923037604e-12
0.0011093989762116045
0.0001557176091396533
2.796031186919058e-07
3.455693975391434e-22
0.9999962882876814
0.00016013355575182132
0.945338140893011
7.692178555297392e-06
2.7002928268840176e-09
0.9999999965613973
0.904289053424689
0.0019058247005954102
0.05385541134070733
0.9996577254725801
6.509644858790001e-11
0.9659625958423843
0.9988233124445776
0.02127017572871961
4.0247926325185225e-16
4.092972973939564e-09
0.9737712337460285
1.4711066764050586e-16
0.9999992231535851
0.9999990495527911
5.2338937417663993e-05
6.909235477054613e-07
0.10564566857452143
0.2171346223143802
0.999979118382084
1.8785952792761913e-10
0.0006206914115721769
2.2875894324904644e-06
5.583485312791441e-11
1.2052684662729952e-06
0.5174653004844021
4.2320947393500554e-13
0.9999999999940177
0.001995564358614528
0.9929448274592371
0.966677259994642
3.2940366804323864e-09
0.6512110288431622
0.01079844160821433
0.0001514042274010667
1.6257031184776847e-06
0.9999557523349084
1.0
3.671255262214129e-07
0.002304875235462516
0.8327857535897877
0.185372590320445
0.9997845643578878
2.071451889439718e-09
0.999873136534346
0.001600635131198142
0.0011990451508348933
0.0014101391996634196
3.2553613576274288e-06
1.4451921109473308e-13
0.8212879857246058
0.9999999996650448
0.05178060740707203
0.001032403736341991
0.9409626189521274
8.5637483309055e-07
1.5364599433106145e-07
2.679412765976879e-05
1.208622290680288e-05
0.9989410753103428
0.9904435412330513
1.2084461167408313e-05
6.636090596898932e-16
2.702901378609345e-05
0.05102212636995015
0.3552987468730215
0.004343080811818147
0.9997422069488179
1.2646480011799952e-13
0.9998955195736573
0.8493965696282222
2.503250146824527e-07
0.0002077790850605423
1.0080732540055806e-05
5.876028186949944e-06
1.2038064426170841e-06
0.9986306725942994
0.0012862483283371984
0.9981391941275458
0.9822994939167907
0.6109173727113246
0.0003042456893546837
2.464722685086745e-12
0.9992086338518745
0.9999999911245845
0.9999990155218879
2.566731819398829e-08
0.9979786410285312
0.9376988277455764
0.9999999998675203
1.9685434114365287e-05
1.293281905913799e-13
0.22840848245891088
0.22441262152568586
7.045377511684991e-05
0.9993472212337371
0.9955499228794457
7.318734962522858e-13
0.03407229133022616
0.20212874160131356
0.9999998437377035
1.3710696859791487e-07
0.0014434525499244075
0.958197095669043
0.09912524516677303
0.999994046024042
6.308318502777073e-06
0.008305531396429327
0.8453692298540785
6.906278045666353e-15
6.644377673587195e-08
0.10081157510373312
1.0
0.001967522192561042
3.611899342523697e-05
0.9999999999850799
2.2143192366868352e-13
0.8989021180589051
0.9999999998640323
0.9995764641959286
0.05072177233977582
0.998422599675866
0.9965451705232147
1.7895557221950212e-10
0.9983307435350682
0.9995954243471896
5.6402591249424034e-14
0.999675929267369
1.5536148637898715e-15
3.4222107034492904e-06
0.994646674848142
1.1066951538258932e-09
0.9993098303760413
1.56025491261543e-06
0.08232114991315405
0.9855468190668761
0.00018046380740692345
0.9999999996534988
6.300145691473e-14
7.824180935923112e-05
0.0072850919134372005
0.7353275973672637
3.055607035085351e-11
0.9967938249919125
8.431034382392547e-08
0.16792292714823856
0.0002775614752825515
0.8875990196004057
9.403165968026634e-17
5.084416647873125e-08
2.241804716118932e-10
0.9991895309059922
0.0037371137506127983
1.1555978779367944e-10
0.9991830500965454
0.0011078620034029845
0.9997962042187544
6.271604649447842e-06
0.6922514933923769
0.9999999908574082
0.008273463696876966
0.9999999992790922
0.3091433352521394
0.9955519598971061
0.9999996564116492
1.6725708639686007e-10
3.2869846219746673e-07
0.99557314391786
0.38757817256609756
7.054121252971395e-05
8.817817823610714e-17
7.696858116921509e-13
4.031106374343664e-09
0.9987991918702203
0.9871789415984772
0.9999847806333843
0.9999055000813619
2.9778674350443095e-07
4.1432339066418125e-06
0.9999616786096651
0.004765475079107474
0.013686238191568886
0.9956290281538058
0.9975352605132047
0.9999968276444888
3.822480154514401e-05
1.465440953606027e-05
0.999999970604127
0.9963789552939896
1.411697829670113e-20
0.9353878363683418
0.999999999226327
1.9888190772386228e-09
0.7698490480962584
0.29777829757953594
0.9999658062080156
0.9897311141360027
0.741559302566663
1.1126439357346373e-07
0.9958610108183894
0.9998769298066977
9.479760228623252e-11
0.21340040375951982
1.2390788187573116e-16
2.403419710819468e-07
8.321684136610868e-05
0.9999993719012459
0.0009823042812067172
8.970464560103729e-09
0.995666757338904
0.029417047772288256
0.769847816241714
5.907570810220279e-09
0.2895292171135324
0.8809656667320903
0.9999055304253586
0.9999571414453404
0.9999998165051146
7.700066828595618e-06
0.0004148894748749155
2.2658987332093475e-08
1.9089622815344534e-08
3.2649227032992014e-06
5.6237996994364636e-08
0.004942048132978197
8.73536865008896e-05
0.8116711217306584
0.9993840728126181
0.9962043148629605
0.9902293627355818
0.016747568267481014
0.014876662805994612
1.9080126899157915e-07
0.9999997776966421
5.8976742658046195e-08
0.46620186354016907
0.9957581594506945
1.2236909914035182e-05
0.9999999647032348
0.00047617241423042093
4.958489551250873e-05
5.539382548201928e-275
3.858410857484367e-07
1.016568123689626e-06
4.780059560370098e-18
0.00543184926805178
2.287578086503677e-10
0.9949908041860703
3.2201723735570992e-06
1.7045663401258315e-13
0.9999996489217504
0.9912872350797532
1.3525560247682305e-15
0.6257821015701629
5.368615776426005e-05
0.9460017881066495
1.1594058912777496e-05
0.999797496826758
9.947460743014513e-09
0.9999999997510566
2.770186886857334e-13
0.9882033350218365
0.011714529018016145
0.9984877218779652
0.9001885207213342
0.9999999309858937
0.9478162985834538
0.997785361659308
0.999998801954559
0.9999999997830873
0.999998616139749
7.493868745832536e-09
2.5185620070143975e-07
0.0020839113913324312
3.872996303921473e-07
3.5727293098841185e-08
0.9932136581402556
0.00020574391916103603
1.1996236147766368e-07
0.07733795797332692
3.4813912436119034e-09
0.9999228333760356
0.9999996254024792
0.00010764264191288553
0.6472188033970099
0.9998969738412887
0.9900990947231045
0.007536366745477494
0.0005144172511358889
6.287692019091116e-07
0.008004929805196778
2.6968566011371593e-07
0.00836854016684732
0.9999999993188948
0.9702157941035816
5.195837988421002e-16
3.8399977812462404e-05
4.941887579601258e-07
0.6866808590410232
0.0004214750018774098
0.9996363555154087
0.0001067796769155148
0.9999999999999626
0.0002896368887150609
0.9988588182545665
0.9997984601259982
0.3825757039492376
0.023419697182663256
0.9999999999999996
1.6012835983236547e-06
0.11714200788194032
0.0004412706015988261
0.004978252196669847
0.9995426063569366
1.0
0.00033622964057211766
5.828692435609934e-09
1.0559744097754218e-13
0.00041207464200419407
2.9550697825882524e-07
0.7270257570315378
0.020407097690383354
0.9999999990758998
0.9999699200111178
3.734706531201072e-05
1.6712396503532097e-05
3.134764985480461e-08
0.9999999133727996
6.138034554944394e-23
1.0744402277386251e-16
1.7955345882638957e-05
0.03734391202615335
0.9990655775379043
3.874129421232807e-09
1.7015452932164008e-07
0.999917887189267
0.9416025977034321
0.9999495024858224
0.2988641267645213
0.03680246880181373
9.70503591446798e-13
0.999997055652012
7.328569983949924e-06
0.18110440862143745
0.9999999517295304
0.9999330199422067
0.002933347684870885
0.9335772075397377
3.106181668936591e-11
1.162430287463593e-06
0.9985442829238799
4.1745089779964135e-15
0.9998579359691221
0.9999998423483782
0.9999997838639298
0.004036593851066512
1.219563932928514e-18
0.47479439483475794
0.9900963725644022
0.9501117071480675
2.847810687337246e-06
3.6829548565629735e-06
0.014515637458015818
0.9963970042652712
0.19762535874340711
0.9999998133563819
2.4254374661998174e-11
0.9999958027408334
0.8414117367976672
0.9999999767328532
0.9999840427155187
0.9999990969432843
7.029978050222702e-08
1.0532380682826747e-05
3.52712147635058e-09
5.399060471412331e-09
9.380386972108365e-05
0.9960828091683421
0.9999077640643326
5.362067616761461e-05
0.6423334658563296
0.9999999548900786
6.2075140595062005e-18
0.9999999032384952
0.027725325842309034
3.971187176944507e-08
6.183876560679795e-07
0.11478618684045842
0.9981339308278683
0.0004080958448405057
0.9999999983673513
0.9997592563388045
2.5334654005287396e-14
0.9999764397934885
0.0003243316368079526
0.9964725616143012
1.2343394800719204e-10
6.226705691217116e-09
0.001924389172775687
0.00012005156030809761
0.9130849776200448
0.009324450385018022
0.7663155727447133
0.9999655332943195
0.8890417222861122
0.8258699606355944
0.9999999999999972
0.969045260293469
3.944568617592762e-13
0.022011258149304238
0.9999999965200634
0.8083746758052887
3.974711529500221e-06
0.0046612285929586925
0.00023775926892467236
0.696605697475939
0.0003700652977811471
0.0014394879604565742
5.125203394711192e-08
0.004930705629228348
4.3056493026149484e-13
0.9999999861491216
0.99964872884486
0.999999878759088
0.0005417594644197247
1.318000239649468e-13
0.972916595189537
0.01849640499074171
7.1160001823722905e-09
2.741597266702453e-17
7.610220752491139e-09
0.9999999999987408
0.014584854062299191
0.9999829597134944
1.592073703590106e-05
0.5571837152530638
6.1465775933423864e-12
0.0009153999949782975
0.02362762478795719
0.010693866349017976
3.782984102249858e-05
0.0017819366312299442
2.6574598891346183e-05
2.1175400934740336e-16
0.9999159373219868
0.2301882712458397
3.099201152136307e-05
0.9999989291568234
2.8588724672060936e-10
0.17386412058038156
4.853884345836308e-11
0.009191686100146647
0.00010222418330275541
1.4912857009063474e-05
1.0025322927333506e-07
4.244540141882259e-09
0.9997230363710227
0.9999616679829181
0.9999233293653317
0.9785736390463043
2.8875430724179548e-09
2.7341123336278194e-53
0.9998622889158006
0.43376283527828036
0.8306404683604887
0.00759474734419306
1.2721438351062122e-14
1.7347178956275768e-18
0.813860655513506
6.062258872418039e-08
5.823221073187009e-06
0.9999999178912741
8.879482023022551e-15
0.9999999996953141
1.8871229076549148e-10
4.073021834884958e-06
0.9990079846901186
0.9638102919819749
0.2702111391199923
4.2010530036433276e-08
0.9985625869687589
3.2537084209424764e-13
0.17934904689109166
3.0113786215199837e-06
0.0004981387675181506
8.489716693007394e-05
0.004280934393178821
0.9999999999940592
0.9996791621694423
0.8858058032083165
4.882350154549573e-08
0.9991624286986905
0.06193294319977763
8.313475959880705e-05
6.909537140390912e-08
0.9988581277493156
0.9999997287590722
0.9996699236856083
3.330547225307371e-05
0.000183948728990755
0.9999479720889687
0.9990748288571837
1.988057266372257e-07
2.380001207572191e-08
9.367457949891537e-23
0.9999921246591602
2.803593288055069e-10
0.99999999669511
0.0038093292497362852
0.3530774156589182
0.9999990220873465
0.7581653723201951
2.4161064751553807e-10
8.228056229517001e-09
0.6478363684338628
0.9997291119817928
0.17764148744968555
0.2655553573773124
0.9973586574096757
0.8829288915295226
0.999999999999668
3.4983669292407044e-08
0.0001575921566476956
2.5799971942300283e-10
1.481672083233248e-11
8.342072679544576e-10
3.1901226512764917e-22
1.0
0.6853283879775917
0.0006561392531466476
3.1602148801644447e-06
1.178164457526902e-06
0.9999935731494424
0.7043557084033987
0.8425780907842075
0.4302631573800479
0.999983917943782
0.9576478901583519
5.5112067689222925e-06
0.9273072905109695
0.9922237290700571
0.9960956984200646
0.007947325277752354
0.8412389390380623
0.0014350690828523083
0.009019443412762326
0.9973878061702991
2.0024394722088264e-05
0.6520290950501482
3.2258987555692646e-05
0.00010558720808157822
0.003824196856259204
0.0005730672641623576
0.07365285795592129
0.013986524929634514
4.4292996107222366e-24
0.9999999884019872
1.9537964574162584e-05
2.1425693364437845e-08
0.9994105994551334
2.644025975939124e-11
0.0747205524422999
0.9999996934131224
4.618862208373843e-08
0.9784973700162041
0.9984340330579702
7.07014527492437e-11
3.719291725761938e-20
0.0004912693915687105
0.0005245505233965728
0.9871365128507242
6.601093935239988e-09
0.9818494664868458
0.9999959180874753
1.06135154245898e-09
9.052262242094799e-05
0.9999952102993132
0.03431976801187363
0.999998986293584
0.9903739219855953
0.7814722535156231
4.421639280910936e-05
1.255906175936315e-10
0.9741909513178908
0.06265736810918521
0.0007062316170275109
0.9819823140521983
5.791691608565012e-06
7.424840584544095e-05
0.5083970409326802
0.19357894737270073
9.710674176317877e-13
1.3095317007691386e-21
0.017598747070129005
0.014064057646873828
0.9871375249157374
0.001911381066594101
0.10628761784016903
1.711611136801269e-05
8.201623114165161e-08
3.1071506505299187e-65
0.8588047113102651
1.2063522844430977e-15
4.450455785877379e-15
0.9999999987761637
0.9916953577124175
0.963033745605432
7.518624662330039e-10
0.08086671730410587
0.12944547350001193
0.9999999807234875
0.9959541897126682
9.506301969860467e-05
0.04617024538758383
0.9835494437439427
0.9999994686648532
5.201834170134081e-09
1.1054485113882884e-09
2.4378363000407373e-123
0.9999909137027846
0.9881908946883085
0.0021105981268584343
1.2255422241846735e-12
0.9999999935310635
3.447370904702491e-05
0.9247033371181513
7.896600279496121e-10
5.717425239037611e-07
0.9999943561086042
0.003310441077221976
0.39892522745803455
0.7059051663786887
0.040418338459489625
0.9923758475579392
0.007691808749321311
8.48883116327722e-08
0.9999997851137656
1.0567145777971503e-12
0.9999999908607553
6.39556309080383e-13
5.526363107973659e-12
4.4597362296406466e-46
9.958335445452669e-07
7.700375109643148e-18
4.234506182746011e-11
1.809454545206897e-05
4.3630431152909704e-07
0.012119943599278343
0.00029707765393591424
4.011231005737823e-11
0.9898367225640028
0.34037640779159406
0.9999000790124214
0.0017745490488683573
6.734227866172951e-09
0.0032066892444711963
0.00011383121812334376
2.1592302831946917e-09
8.024556473188472e-11
0.9999980204527259
0.9999999818160286
0.5394112310071556
2.0216722149281858e-06
7.59155340539255e-09
0.9691096161729639
0.9787147800776559
1.3879378718651016e-07
9.398901307697659e-05
8.233724220597768e-10
8.48558254038496e-06
4.3894171173503e-07
0.013668618077719803
0.0038972706171689214
1.3365683268572724e-07
4.101894533065803e-12
1.3804265942456954e-05
4.796208166639116e-05
0.0001213732613014257
0.999936154519847
6.955679393527398e-16
0.32686227971806125
0.5991045272814164
1.6977654653678492e-07
6.592680276575085e-89
0.4727061981436207
0.0002774340542321546
0.9999999927959844
0.495063706137053
0.9819920024345774
1.2009092717700362e-12
2.6586045810116143e-05
0.9999999999066971
0.38745210523831175
0.00029544892216852185
0.7682823554357151
0.5886349094390313
4.283568030879499e-11
7.07512640365545e-16
0.2315141687488904
0.010240817457412624
0.9993549402702991
0.0002194018710063305
0.9999999999999697
0.9893095808043183
1.623479285057335e-10
0.0014602952887014609
0.9999999999404587
6.68400051294982e-11
0.9999999318866373
0.03774738209504476
0.9992005792568159
8.809857029472266e-12
1.0216388733572582e-11
5.882499760372438e-10
3.143176987847566e-10
0.0013639296188070495
0.07387208684150022
8.554146115376484e-12
6.289330319860154e-11
3.4583103887861243e-07
0.7807652924487453
0.03030664809151173
0.9998399344882049
0.017079113171471524
1.2165604182144168e-05
3.6961194205805626e-07
0.00014356194731758525
2.0712000200279163e-05
0.9999994376741919
2.4778841034029975e-12
1.433041756446314e-11
0.9999463087154816
0.9999960363576543
1.668817680038164e-11
0.3233630470553016
1.0302725481126959e-11
1.942855037373618e-12
0.9594657706559611
0.00034804728090333524
3.228925110195483e-08
0.9999999846770913
0.9998582668738487
0.8970537230546188
0.999998552509216
0.046311453524747276
0.6091195801416728
0.9999634964027964
0.3623443663274595
0.17925519849309896
0.0007086657290702737
0.03290373152377476
1.978749942779916e-05
7.786569861883339e-10
0.9999979075512537
0.99999991000581
0.9909414063129169
0.00012571576515588785
0.9995098161499232
0.9999942172011149
0.07521393737678024
1.5789152052612083e-06
1.0
0.007041571146457262
0.9991275101523119
0.983229949190077
0.9900749524772151
5.871094905646983e-09
0.0031237654185149403
2.7712567358665147e-14
0.6042662682645694
0.9978990689869102
0.9999987508290683
0.9971471955674138
8.826085927543552e-08
4.021793710392394e-09
3.162956271323121e-09
2.594562928253408e-07
0.897819074482228
0.9999850525306434
0.6362288159913827
0.9999885514639485
0.6104566156618149
0.3765621216195415
1.4930016440634747e-07
3.2877320407204765e-06
3.663617990656739e-05
0.9906549238947003
7.760762532036266e-09
1.0948474083971923e-05
5.182181662118307e-12
1.0273574235539886e-10
0.9991559175594676
0.9999974612505252
2.2418480269928574e-05
5.102635807664047e-09
1.9682762105870627e-45
0.9999999999754883
8.656698166530913e-11
4.816043657631207e-11
1.9483197496833396e-16
1.8353285570595686e-05
1.704035312779591e-11
0.40725271763410675
3.0871842042340677e-09
0.9998354217609086
1.0766250508525106e-17
0.9999999974581091
0.9999999971499486
0.9998163794881352
3.0822377496280054e-06
0.999992734915362
0.10692178617884684
0.998274589725601
0.9361723805280207
7.761807785607629e-07
2.2917277578662634e-16
1.4377106915969019e-08
1.8027706123581439e-09
3.0509193867936823e-13
1.797326294433197e-07
0.9864587948640956
0.9988001339629543
6.892205938669685e-08
0.9999398000011506
0.025839571915697943
0.0020620281886496034
5.696484966463935e-07
6.730962500118202e-09
6.232273756174972e-06
5.614699895787932e-10
3.4082499675543165e-06
0.0039372235848264955
0.9991443890303016
1.6561877689284936e-09
7.061265049597889e-06
8.806693149941807e-13
1.0
0.9992753719754498
1.8519201056601348e-07
0.01463441370664452
2.0852496617828562e-06
1.0
3.7183530894062606e-07
0.9996860556154509
0.9872722655666056
6.928389238199327e-07
4.114957003258075e-06
0.0011267831812293097
2.7315535552482605e-05
0.9916634996656505
1.7026383213356257e-11
1.6777773775002133e-05
9.244664778900076e-06
0.0015574739304895662
0.9565295381707608
0.003578956635646177
6.757816061543745e-09
1.0950102094899364e-11
1.1464312694921172e-07
0.921053749924612
9.60914785623284e-12
9.105620657795768e-05
2.0098776803503433e-10
0.9999999999938863
2.0924566226730697e-10
3.1592698711454e-10
3.6349131834764247e-13
0.0006454545661899939
1.4002507661135034e-07
4.6018451065177204e-07
0.001132375426131685
6.837053296639635e-157
3.0750352660826405e-09
0.7791223472255058
1.519728430441189e-11
0.9999996936216602
8.366835329032328e-12
7.797787951972122e-21
0.00336026755637069
1.1556903226634833e-09
4.549106827436067e-07
0.9921436805818897
0.958782593352243
1.826873527725374e-14
5.109831026419605e-09
0.9999999999995428
0.47978437741060603
0.9993385605841547
2.5670476812482537e-09
2.964204425210493e-05
3.2283396231950245e-10
3.077289582597737e-13
3.4825910413482273e-10
0.9999999443327875
0.9999582782970194
1.0
5.868468803781612e-19
5.32176366506134e-06
0.6380966361827487
4.6766304575761737e-26
1.1703274717750749e-07
0.9958056834532711
0.9999999999415563
1.8560460282356088e-09
0.9839515854175533
0.9998912201516469
0.001060057911608836
0.024092115292425078
7.352508133783993e-09
0.9992383376409779
0.9996009995941044
5.86060827215893e-11
2.588739773917498e-06
1.0081782701963259e-05
0.2826666622443254
0.9999999999519202
2.228875918432015e-05
0.6566303099709673
2.765640174739089e-14
4.0300162056963515e-06
0.0005067026073397041
0.9999663395497136
9.63274587652572e-18
1.3061343655041651e-06
4.886330029902441e-12
0.0007834478475827582
0.9999559291984533
2.7631490302803332e-05
1.6461317268611143e-06
0.020300320987150407
0.9999999998910127
0.9985354150738484
0.9995537083995784
0.00024497995404092226
5.7258812872354565e-11
0.9995125722328346
0.9976102298417912
0.999713498501337
0.9999949905730606
