1.1675085838830077e-06
0.22911168048004668
0.9964173472368274
0.8534593593264238
1.4111783761466534e-07
0.9931897729957092
0.001331581924397976
4.6651846193584996e-08
0.017178667870383295
0.9987020329934283
0.0006449749539952376
0.23449548396697137
0.05634355220069764
0.8993181262748914
1.5395172700396905e-06
1.3180433648371297e-05
0.013082363733950659
0.9418348098901954
0.9986708922189743
7.694053723182103e-35
0.9981824412949787
2.0151538994210803e-05
0.000752121238972913
0.027457822841824107
0.00606015989518323
0.9999999949575349
0.4858400476955614
9.778356867585597e-05
0.6478087055873915
0.033032615280451136
6.463862915665975e-19
0.05176107845389035
0.9999970320028628
0.8391295190668736
2.1651309128739276e-05
0.007392389131380952
0.09058812932954262
4.0245961843841203e-10
0.0004947961873171248
0.7258582534719301
5.513440199172313e-09
9.89949773460794e-07
0.9925913449962177
0.35850894821979795
0.30951567013293807
1.667889044164416e-06
0.9967926290155062
0.0019294186410283379
3.3842880903756847e-07
0.655339850452372
0.35914332567164753
0.04029506726869033
0.9999934539496501
0.27339273071412296
0.9999999965889255
0.9159225637863995
2.5630642432979032e-06
0.9998276758593773
0.9882706764476336
1.0113046352750835e-05
1.9445363439949046e-05
0.9963462748229119
0.9999999999999992
7.836330517439813e-08
0.9998247378764826
0.9942798959653704
1.2733231070082712e-05
0.9892856467152451
0.0615450513755612
0.9703228935503443
0.023548514517930087
0.21287940970131797
6.822060237511346e-06
5.4463462370456894e-05
3.1819777139809415e-05
0.06475010076553549
0.999476022541355
0.0022575757695507226
0.002305626323179426
0.08580215369909026
2.3025034404908503e-06
1.2121666414147071e-06
0.15125764514721574
0.003224167319940263
0.9969244747650919
0.22355589881387208
0.0039620468375841066
6.012800349959699e-10
0.0001652999386417084
0.997237182258912
0.07037784848206423
0.3167674836268341
0.8313947165586222
1.1521494802366233e-07
0.40168239142859036
0.8670987136013489
4.770895846973168e-05
0.009275088451574872
2.2960571069284167e-05
0.0019500873085294727
8.587031746011313e-06
0.02743484584637159
3.171104929332105e-05
0.6470891407685742
0.013855080915872743
0.9989427106638809
0.11662952814844268
0.8054050375691212
0.007145475191129389
0.9995872713174633
0.9959416338293813
2.7873682259349237e-06
0.9758498945928187
0.5207151318768318
0.999476634173208
1.1996091665250486e-09
1.534352469198812e-09
0.05493441361984136
0.00028916238665121173
0.17725777591880673
0.9973503070050144
0.983522147914539
1.640317102270954e-07
0.0006883455885910121
0.06558266588057762
0.8818441496245821
0.003034439274607005
0.07131827783344628
0.007581254775887578
0.2968262870598545
0.9999798781952627
0.040259667034867955
0.9831435464601882
0.001966302115317213
8.280836595920523e-06
1.7212415666071467e-08
1.6360333981902548e-08
0.9999999997917404
0.984556257597531
1.366010683380617e-10
0.9999983052995667
1.0582976989579896e-05
0.9941368861868389
0.9999930385497081
0.30540998493969623
0.027595897368498094
0.3223818780554282
0.06823962351039646
2.5541812767933875e-08
0.5737879993473137
0.6504559144600778
2.1754562839222113e-07
0.9550536392631784
1.5912607130518283e-07
0.5638085360144303
0.9999999998931233
1.487574550032189e-10
0.07202782909760841
2.4656442937914e-05
0.025060900806736168
0.045890693068922
0.036227719614728066
0.9999967059615474
0.00976873540885338
0.0006455173792737054
0.001017413494562651
0.6756638227672408
1.0814649979021931e-06
0.01573956575348834
0.7069840791674038
4.6263411598004636e-05
0.7860052093053652
0.9738093791024977
1.1642705677818106e-06
9.517654656051215e-08
9.800488682737637e-06
0.9898062295290042
0.0014054327753657708
0.006860158561146332
0.0030252954311178735
0.0821352332589983
0.9924590126408339
0.01680423229761262
0.07830744438806696
0.9999191271661448
0.5899753487913535
0.9796986360867594
0.010978503406126756
0.9999933129810824
0.9999643501277253
0.0005741488158061095
0.18048299170293094
0.09675255181199065
0.002006348950890851
0.16591133358830815
3.8989193536413347e-07
3.029715418971691e-07
2.233993802448239e-06
0.9968503046466023
0.00024022791603860166
0.9922426935229236
0.9935828701646158
4.053825588718968e-06
0.047049952613046266
0.9443245277670801
0.8934876512663145
0.9999977454051338
0.8253130500947469
0.9581759499632352
0.5990012325002116
0.18574115908967226
0.026964309846990633
0.8501625903676459
0.2601497281905451
3.539353517448719e-07
0.8218503956905511
0.9999999663645919
3.183013834250042e-05
0.8803612654671582
0.006749185021683453
0.6828106159859868
0.01918110098905847
0.9980545491552097
0.0009762953539749071
0.9280504850897354
0.9992916202164037
1.9265247168591512e-05
0.20615035157796813
1.412843937886284e-08
2.6744605146055458e-05
1.8651882267983306e-05
0.9822266133697528
3.155646497582168e-05
2.175320474358439e-05
0.9951482867697186
0.7983174876435332
0.9111247415262582
1.813691191861873e-08
0.9814688057189144
0.07462656686922269
0.9999647561404433
0.9869474776253968
0.999986540872684
8.946854948080256e-06
0.9787870808906576
4.0331120365352054e-07
0.010302266440102362
4.142394774553791e-05
9.9791610846283e-06
0.057740982191777465
0.003904537869039959
0.0031246005033912154
0.956737558914518
0.5108395777802999
0.9987106188967699
0.006669732418431436
0.6766726949632332
0.0001491410136869777
0.9059752297258993
0.023986317339838067
1.268792253013811e-07
0.05719136167974251
7.075805298080091e-05
0.9990229740330285
0.0015471826740832077
0.06944639413480592
7.722030918165966e-88
0.00035467341107617983
2.372757136569322e-05
1.0238519122989511e-07
1.958826379490759e-05
1.1130546556513832e-09
0.9990329488746935
0.0012603216990161677
2.316158688871227e-09
0.997667523506645
0.0990317745250207
7.057506774932626e-07
0.09714761658962923
0.40652698821732086
0.9732380499515108
0.011201436925049258
0.01618579151287092
3.0194281212964765e-06
0.8617624965416788
0.00016764027407727229
0.042983216233664155
0.9918610124404914
0.9999070762199129
0.07368391346579309
0.9999972687548749
0.00520315796327675
0.911968893738176
0.8094170881314713
1.0
0.996785397309377
2.6727830823682927e-11
5.0136911574282634e-05
0.02230967121806858
0.00014565170199327433
0.8153978853702323
0.9999178275238265
0.0013678604912023583
6.961221341437001e-08
0.9914471258000163
0.142541237139808
0.9209026741122192
0.9999876448624191
0.23256287649216523
0.39165615458040004
0.9886477745075308
0.9999181066111963
0.04592242807955479
0.007483427534938104
0.025631126783779504
0.00014305867350399647
0.011163057896954317
0.19065894189144242
0.9999999996337813
0.520047258087498
1.9708156467292943e-08
0.9548227897479892
6.349109847430156e-06
0.47164321378171375
0.8790233480449082
0.9998534989363858
0.008954291385793456
0.9999999857161906
0.0596137084661745
0.31983519146877315
0.9972842924103188
0.9757701900286577
0.6794156506642952
0.9999997957386512
0.034857409726581155
0.46329053186317143
0.012239668215524791
0.032493619221682445
0.6659631237631498
1.0
0.051867876511084064
0.999999934852216
1.8131063268165325e-07
0.048541883087079275
4.576508021325315e-08
0.4942156322391746
0.8915875498858726
0.999999406689226
0.9999993870683673
0.00013246961383132336
0.001625888066334689
0.0013530396209915437
0.9999996094978184
1.5247377596125338e-11
4.2228555869733706e-07
0.01794822201167783
0.00018744695612091843
0.9979307212189347
1.9767558518484305e-06
0.000260317338928729
0.6947691247433331
0.8894393910278944
0.9984848250988094
0.002376923550574227
0.08248972065394303
1.9864264949919926e-10
0.9997115581623165
0.9880057815221521
0.25102216170396413
0.9999985404064907
0.9161305313115518
1.0157429191206734e-05
0.284875904313285
0.000634723162891831
0.07270101530233011
0.8573855264823123
9.59048869159048e-06
0.9998318824239929
0.5469757594616902
0.6715594681090135
9.57306070010045e-05
1.3988365361435999e-10
4.627674589635188e-06
0.6869183944485452
0.9108029348920433
0.039728388151157076
0.0007162752900086807
0.007838120188905348
0.9961577785347451
0.02408196617988503
5.718911211774791e-13
1.6713449841367845e-06
0.9984469740338303
4.903823667211354e-05
0.06790192615927639
0.8715837559243109
0.9999999985036337
9.466999687972291e-06
1.1146425853437867e-11
1.1354288696549094e-05
0.728723973221809
0.021503064689557174
0.999033421516105
0.04103864455062161
1.930292681318056e-06
0.00047397384706573844
0.9386805043085339
0.0019189234953431954
0.9999815370539725
0.9697126187068
0.07265622362367906
2.9170256342041165e-06
0.9503869180694622
0.03573377744051156
4.97212324423784e-10
0.9965708843828349
0.022942067591906267
3.25560919684821e-08
0.9999741784447234
0.952042082944679
0.000760422223954682
1.1419961095880626e-08
0.0038636646907596554
0.6415118696942073
0.011264992872406916
0.9999928134826891
0.0037029187709584303
0.15217418955417703
0.01533695266488867
0.9946495358930864
0.99999999999556
0.9999033426261328
0.9692499066426571
6.994240440892952e-07
9.36923621688154e-07
0.8825535504627117
0.0007310958200314021
2.9278440652403467e-06
0.03435974192192002
0.04648808355488228
7.0884207732831085e-06
0.00031398761519290064
0.9999899177448159
4.48798021244235e-07
0.4601624620647943
5.46325217381366e-06
0.9999261900800728
0.9999926786478549
0.49146810272581926
0.0013603328925091069
3.49658951804084e-09
0.0019992596022021273
0.00012215853615828805
1.4300579427513905e-08
1.3006533981121257e-07
2.665077650438722e-06
1.0
0.9999985555428936
0.9999986564453833
1.8593907312270017e-05
0.5963010029528544
3.6872842335081944e-08
0.012594842536240908
0.11162798103016727
0.00022125231395820756
0.0002869334280766437
7.976127736503447e-06
0.003444360988744209
3.5671572370789915e-05
0.6040034895241754
0.1962478727825758
0.8544125099206029
0.9995295121882251
5.2352345510087124e-05
0.08049506071359641
5.296037448274658e-10
0.13759124249190022
0.004345931395766551
1.1963904014749287e-06
0.000555404055301466
9.995179133979018e-06
0.9580217228325958
0.6642889558774518
0.3301576566103714
0.9999900271355323
5.287330958700502e-09
8.706015347852044e-16
0.9999643270440325
0.00021175051818250507
0.9179991701942751
0.15195886028825217
7.348928741875946e-08
2.4399846858059725e-10
0.7496547755041034
2.45909289181619e-09
8.05478661859611e-07
0.9972134806567398
1.7255889989970813e-08
0.9984675521520164
6.71394460748906e-11
6.851089457868385e-07
6.592462659439541e-17
0.0008232026846101702
0.10787501551615838
0.0018761833736312206
0.2983721857440746
8.114866546886912e-09
0.8170316715108912
2.5306423720883052e-12
0.99916819445984
0.0005755164466621294
0.003512143481790375
0.9997837998639408
0.9996863829141558
0.026051224421872934
9.596447607674474e-06
0.07908194212644422
0.0001817958620670706
0.7723419758661648
2.970875445673224e-05
0.9578521867833074
0.14215852778742374
0.177512823163729
0.09537581986337519
2.7509996518013907e-05
0.012359409668943697
0.9998630434907563
6.894678996723474e-07
0.2200233911565847
7.100379693651519e-12
0.8204461376632857
4.6932656647524825e-06
0.004561552299688286
0.994432747215842
2.310592765468532e-05
0.27834654595754177
0.0005896716154438281
0.00029739707618461024
0.19366867413115463
0.4051341131097191
0.06738011105876772
0.37989528239732306
0.003932561599511049
0.29327258779070914
0.019767279389080683
0.9933270737854999
0.00012266230819164728
7.482240189364584e-05
3.9436813813361095e-07
3.8585530715631205e-08
0.002242641896991734
3.705321004288803e-10
1.0
0.9148921411575105
0.0021414545579035407
6.44385089126871e-08
0.00012883074368061088
0.999688847192621
0.004284101887292578
0.999226811390656
0.003734651071477072
0.999821940926392
0.8857939401064536
0.006832505641709653
0.8315972515556336
0.803936095017299
0.9999917799920066
0.09791216394096024
0.020289478485703703
0.00601249291401161
0.020036129600355508
0.9967269978743254
4.360490374466006e-07
0.8780894064382079
0.053663776239567994
0.0068644399565279185
0.0282146171567596
0.0006689698831020068
0.00174577935478781
0.002899646266773064
1.344897664791168e-10
0.9999999792890087
0.999999989673996
4.640123983925955e-10
0.04162810162555315
0.00039514907901430044
0.00032882993069450664
0.8120957878480559
1.1130032216729247e-05
0.9741337764650109
0.8216839918188404
9.868824570339775e-07
1.4374212683770473e-08
6.766030452636606e-05
8.389047015305204e-05
0.9987111391183167
3.6511066624843656e-07
0.3297870959396373
0.994300941222624
0.0041132383105244984
0.00010733218269547708
0.9999072886207988
0.008985326341713437
0.9758253313759241
0.3214074660220984
0.012165072127066134
0.9995536728190514
0.0032891502848737745
0.011375228056638006
0.2677836644424282
0.916660255174744
0.7560888783672371
0.0005162292711275685
0.9544470908158402
0.996720829766889
0.0007984058676764683
1.1057393925702017e-07
5.240924364457265e-10
0.9996854072538691
0.011981555304268294
0.9958272652313334
0.5612604589154933
0.021457117267807326
0.012512053654865699
0.04904490993333312
5.258757178338783e-24
0.5852097576828095
6.738783257861759e-07
7.056094728978936e-10
0.9999975726789517
0.9643560713413075
0.5137829724167147
2.585921586732469e-06
0.0068966557835913895
0.011832157368968244
0.9908710242128745
0.9669086897105504
4.0077669310236326e-05
0.014443192134616643
0.3217113705889301
0.9989232214418178
9.632871771453855e-07
1.460217123903401e-07
4.3467204667970894e-41
0.0019065634531318563
0.5251300115175754
0.03619268434461965
0.0007403876725072339
0.9999964490792868
0.11997355772163945
0.7825201654729851
2.149229933132896e-09
0.0008405382147080698
0.9999999994078119
1.5998538482623473e-05
0.9982413349071985
0.9936006257824345
0.000449825882214273
0.9061021190082893
0.7884074801075026
2.7083971125568863e-06
0.99899025825725
7.758306875789629e-07
0.9999270372547798
1.3695567759999888e-07
0.00021488708401486354
7.763583172066248e-17
9.770324995675399e-06
7.452203901338885e-10
1.7954718541698768e-05
0.5193877242177323
9.871860108842203e-10
0.05167472888564025
0.549656375425379
0.0009816162793511993
0.04791160442915784
0.7535022490158354
0.9938119886959408
0.03211898797954807
0.9417716544886672
0.4433710314835685
0.31863538687339876
0.011409461835310337
0.0002607275052088977
1.0
0.9154769536481911
0.967205580725534
5.783954767227302e-06
5.450510127690487e-10
0.8851543981516867
0.09545349669914197
4.416442100443636e-06
3.818728516910772e-07
0.11544002098732473
0.019092148014262744
0.0001272257507268961
3.8605111037750914e-05
0.08742699266772441
0.0013981815326202633
0.0013885711486619147
7.073328418498674e-05
0.0010307074310635048
0.0013370211779444147
0.9982648091922283
0.009918322354380728
0.03134202130961587
0.035437501423945215
0.7302449889209406
6.12267675923006e-26
0.8084665767507253
0.0011279327623539145
0.9991103740761863
0.8787073379405232
0.02106302729266907
0.05684728371726405
0.002138075782509962
0.9999900173869475
0.5016845582737129
0.007045640284258161
0.1445642957803372
0.9974398177858902
2.5356913599325243e-07
3.211563505918045e-06
0.06420255002010189
0.7918457063796525
0.9997058591016091
0.04387893836703063
0.9976066161273098
0.04823219597965405
2.9782093000311314e-06
0.9949164837783819
0.9993507182569566
1.6666962587015633e-05
0.9917989915242296
0.597203924603085
0.9836073767315396
8.374937683942114e-19
0.0018715012777462349
1.5400834019160222e-07
6.362683003706862e-10
0.00013705408766281806
0.03199684617614472
0.00011099924306380045
3.4739423984418807e-06
1.4451569588889392e-07
0.03441699157409235
4.65182720935475e-05
0.8398695261207361
0.24293968446018135
0.9138029889067366
0.002291323713099922
4.91077337448295e-05
1.4301810653109111e-05
1.0
5.2352510791390856e-05
0.1626666641492277
0.6814068771625568
0.9995166645135894
7.179836748946437e-07
0.026835237379553813
1.1100178586075509e-15
1.64967286592425e-05
0.07180907213373566
7.3910194371919675e-06
0.018775869120803944
0.999867272276971
0.999622549576985
0.012844385300712396
0.9999998272681487
0.002998726109750245
0.0003203877742719647
0.0269032338114912
0.9988514812630889
0.3643356156686502
3.910171685147497e-05
0.22589273469306237
1.346036261109054e-05
1.2031148334521924e-12
0.9949593619111681
0.9997868070001489
0.0036369972437864926
2.571809510846538e-16
0.960800292835122
0.9990818179279631
0.9935420046394081
7.75801754841289e-06
0.9996446823810525
0.9999757607184776
0.013885283001025305
0.20504451690632863
0.6165487179984325
1.7784515951701603e-26
0.008105782289948963
3.2393864054506312e-06
0.6038269415585018
0.9999911066371048
0.9865416752784433
0.9867764057486106
0.0016603645319067154
0.0010910615034800122
0.00048729995581576785
8.011172150644493e-08
0.4877900985489371
0.9999558202091144
0.7766516512698779
0.9686781382289732
0.649697286282251
0.9902516281087977
0.00021866562262885832
0.00012301952874231234
2.434408713621577e-07
6.976524555874034e-05
3.5600153552481224e-08
1.1400781575575841e-05
3.358569969719416e-06
1.31406650467463e-05
0.0014508967552838293
0.999398225242022
4.338872744656433e-05
1.787109908499887e-06
3.3267240911952965e-11
0.9999999998866703
1.4567506980058607e-09
3.4013777605439336e-06
1.1670102259053206e-07
9.062294402122858e-05
8.077579860968465e-06
0.019338964597462142
5.481127336098643e-05
0.9999596714201843
2.9620071488902106e-10
2.0980896994793204e-18
0.9995113822852664
0.731421871764091
4.076794209018177e-05
0.9999500194065826
0.22404708372181276
0.999999999633022
0.01795430021190928
0.01266529818896974
1.28505133888385e-08
7.2707017988889e-05
7.83937500400539e-07
7.184974903048684e-05
0.002977185104461691
0.040639128144854035
0.9999257574741137
0.09103739172840895
0.7525833818022641
0.9523059414050291
0.007662773882517405
0.0011045869099100423
2.742299010801937e-13
9.24446884660839e-06
4.683271570230986e-08
0.042537977139688245
0.29959473956786264
2.655390241877662e-07
4.1283614273371565e-06
0.9356304666335684
1.70787563990514e-13
0.9999999926773706
0.9986962404108103
1.9688210946267766e-06
0.9255739250455702
0.2803127190559752
0.9999997471971047
4.32128646716949e-09
0.9994935345664964
0.720624668861512
2.226095816375132e-05
3.4686496041814764e-08
0.0019507532630516958
1.1922632407016044e-06
0.7953864123968755
0.0002259998387086835
0.8220047552179441
2.4737331992903394e-05
0.9734281134973358
0.09469249480893209
0.0005619632290105763
0.0001868444765615802
0.37052853270570607
0.8829245733469334
0.9981370261797415
4.013559495959412e-08
3.9050416725439617e-10
4.0194800685570577e-10
0.9996369230572765
8.219331378437586e-07
8.65538241663246e-14
0.00021311314844471888
0.0006148338117493529
0.6074091713449391
0.00495361870021601
0.0010299014840600045
1.2199367304721388e-51
7.018453788195141e-05
0.8978587396195781
0.00031495257602245225
0.9999566792197518
1.4041059706788007e-08
1.7500936457821912e-06
0.9534846834497902
1.1209858451638099e-05
0.00033726114697334907
0.00023632347075243517
0.004667829892169974
2.5508154376504547e-09
3.136004389070054e-07
0.9997875083587778
0.0005668052377530124
2.2822036789011247e-18
3.6573084698750125e-16
1.2386234577754222e-06
6.934098340612328e-06
1.3473246556558427e-08
4.2788746502657933e-07
0.9943176925557986
0.9988669230097307
1.0
3.043826136379656e-09
6.821534496490729e-05
0.12621047509452188
1.3713830854427053e-09
0.00027879593842319335
0.14510416009191307
0.998593244152674
6.521579960752085e-18
0.9996682209098479
0.9993960197497396
4.1486107273262256e-05
0.9252379158030402
1.018130556838066e-06
0.44515908778833496
0.027313889468150172
9.248261547956717e-11
0.000850670747008756
7.334476560279176e-06
0.993871890570419
0.9711049080743085
0.00620342679498507
0.20448852582198232
2.1677445030923817e-16
1.1933357652133169e-08
3.4052866686495736e-06
0.7389993519191045
7.098332078877382e-09
1.0237620509996842e-11
0.00010592810920957103
0.9633133512875383
0.582419442973068
0.00047281420740238075
4.3640984002551596e-05
0.003387195148816319
0.99999359058429
0.4616324459703609
0.7044853046255001
1.7822700213599302e-06
2.1986836518243228e-07
0.8709154098062122
0.002529031883259774
0.0010348944519096898
0.9095186003168323
