0.00634501731373906
0.15796077092472488
0.01548572040369597
0.33206727516118295
0.08936993898436944
0.026535617043541786
0.02872090282011513
0.24273289541284898
0.04843037301429307
0.07262893760171087
0.2671535037447413
0.01970557784202287
0.013627493830079001
0.03274645117451059
0.014733563662997513
0.06711636382673188
0.1985596112510268
0.5384712972788489
0.3742049892807041
0.02618298247776557
0.01135640463863888
0.2720625119416145
0.01122936022222342
0.03525185408358274
0.09349092418300389
0.024949039851178793
0.20752425951616837
0.3060074668825553
0.09279630986095536
0.04714331748426141
0.3036898756747524
0.06251123272250461
0.8130395104983356
0.08146318928386234
0.27828726226028294
0.5725000583089501
0.06038555549192096
0.406791922868491
0.01574340108784966
0.01034412700421781
0.5033171519773256
0.07176017113468255
0.049252504142576224
0.042509120852914584
0.3290475535138195
0.0924158492185599
0.4716413084488043
0.9313980973105499
0.03967050128822558
0.010301559296839635
0.046843050190631216
0.07242610733698723
0.3002080023106804
0.2351327172294055
0.014074234279908174
0.01551567265389147
0.03544308189068155
0.9811461347872383
0.006353606399141395
0.027043640138826833
0.034512319217528
0.1476921609116038
0.37583973547979094
0.17869879576268413
0.4997376174691707
0.013986103853084025
0.26594078470710497
0.0316042289562538
0.43160410372200847
0.822877594446955
0.10061560873357313
0.09028798006242222
0.010245412028527816
0.01937396942587053
0.031849082994340944
0.010124279459243995
0.09050410471393767
0.010495779391365513
0.01335677060444544
0.6469154147697054
0.010540495503649374
0.009834659769919632
0.15548566193389404
0.062260243858258305
0.31417600657060185
0.21041447250341105
0.028098544485152668
0.05316482485978744
0.10506912711336362
0.03304116609192173
0.010470538788942172
0.05473344379192984
0.21539562235005716
0.08167360048167435
0.008662440506565623
0.051071215615820544
0.4213024854661208
0.6829992810660123
0.01670937190676249
0.10316585135207983
0.12704534733134226
0.026943017559007475
0.013398491038509389
0.045106501344838484
0.036290385103973706
0.12723474671666082
0.10355227194640221
0.24724021508135266
0.020215705944570696
0.31056076519597087
0.16985976753837334
0.01480302754813554
0.07017263078285324
0.1761024569223189
0.02858433002487488
0.6337447257755506
0.0074551444035074015
0.39934375974069125
0.019345699062450466
0.07842477377879309
0.1663634743951229
0.04922473375575195
0.09856470583156514
0.007617224213550626
0.12294029689488514
0.07218545422804702
0.02016637282742957
0.01400664604762996
0.04011608019013408
0.05480328249044051
0.08364690633540724
0.014030349508972936
0.008867432678139327
0.02565021571434386
0.5535314660879919
0.7391892801503145
0.3686838219790173
0.8031744322990433
0.009222771657369799
0.012349697673006595
0.06762572487178119
0.44997301737606193
0.030882441946312483
0.03953769708780767
0.023613901545555756
0.010235460430149387
0.01900078476019094
0.013537055497974506
0.020605439436150313
0.10580090172500735
0.02769239069900946
0.03581804181382375
0.020645497774737585
0.2458619772850151
0.02069565119300549
0.05863424429338886
0.011337717008959138
0.02310886887816547
0.30623886546568235
0.37411979940357704
0.20714537223522486
0.05731280316137742
0.4162012209128758
0.02255138314431908
0.02040648204787745
0.011407398669563796
0.05409153471164536
0.05131630190649456
0.016146492685764006
0.039030897669571026
0.020799836848635497
0.2733597009552745
0.024790584241499287
0.3936916263677354
0.010943459329018277
0.292427968211954
0.08920633064202987
0.010666479618432258
0.031352087419514396
0.05034541271038289
0.03223750985955171
0.021340359623723115
0.027526574604685265
0.10983991118483956
0.07632668807683649
0.26153642726870774
0.18544723944562586
0.025370760149630158
0.4995117135718686
0.048111425555024165
0.382479172588446
0.03654032706826614
0.047844579699280985
0.01772902255160092
0.19159326233537052
0.3522169415564496
0.07767821919459843
0.08045248117604821
0.15754357361220866
0.11530246147556537
0.011715135274140668
0.07914879675453812
0.0395236573762421
0.00850316790523913
0.21888119653206242
0.03254016906513588
0.242125175553868
0.1990939875851013
0.1891475844539524
0.010349494630472307
0.04628939394579129
0.014197536397422555
0.041600606636072776
0.04612451104800498
0.12563423891998346
0.023738439131511288
0.12625005891474805
0.05834901779049027
0.17851397989772616
0.059025441328908856
0.013191783159602701
0.036200553579872015
0.49388697405837384
0.2328011061275926
0.10767343516022583
0.0548140356827724
0.012178138161382433
0.03832097464665829
0.09638173621669595
0.4097297804398341
0.05741361024221499
0.014510245286762289
0.0070569149621197026
0.03364562631210426
0.07025829769688907
0.2371868119814797
0.007858781354433419
0.05133204582744243
0.03376592711294539
0.04904653929800011
0.04589537364204471
0.010877388108205528
0.3041646066745054
0.010081572193855658
0.07883466635984175
0.015364096767847973
0.013001352326991237
0.1203854120462011
0.012828077451098083
0.030973905271586707
0.03907252853913741
0.2098071760431812
0.00954856725636591
0.044399858161045684
0.29200542697674897
0.034971880321512314
0.3354814759365255
0.02101403507284319
0.1112866793239399
0.03422118455262298
0.15262421444983432
0.2434706984201289
0.11573121369311377
0.05273991820510856
0.007134820377933224
0.5485137218832477
0.412015547604629
0.016635177145942454
0.12385111728910081
0.29508352841631347
0.04791699492195849
0.13243249816056682
0.34714236272531007
0.64369926628049
0.01394463380394664
0.03829664172339525
0.017120961954914152
0.04017976368921403
0.04739836335110096
0.03476001224433199
0.010432154740508784
0.100172629821414
0.01823811066931495
0.38071064653904074
0.03930991315391283
0.027884997112125855
0.023276993373691254
0.26711127282406866
0.03704542613023556
0.00865277329668752
0.06452328928784817
0.01406879619675103
0.026045638976321492
0.47945150485509314
0.020204680523487846
0.30974400705745
0.007467802209437392
0.024061643759573762
0.03796882391906939
0.1238194446550002
0.4958454744666208
0.019889445329119283
0.034212729005745714
0.023021465112939152
0.08910602466438977
0.013444766966954728
0.20252321078049576
0.05860770312698343
0.014061341626963599
0.2963024052195674
0.6665101688508426
0.01065940715707726
0.010235698024054541
0.5553494078980385
0.1986003506154004
0.022309885100587627
0.07385663641207971
0.47946976915512385
0.10609115259414982
0.017463362427002208
0.8405513893394532
0.03933386636945697
0.02815188159932649
0.2913073998190351
0.02771421587518747
0.16261363038362014
0.009146456526915304
0.041923257603265256
0.007788118866416267
0.02619024447818196
0.2121669848239594
0.18135964453619913
0.3170939196043624
0.20367681877029128
0.07179046723003393
0.024040446069197363
0.026446061060136642
0.011383078588722702
0.01634497253125613
0.26734303570804635
0.10172794916434846
0.9045949296290208
0.08321710838768573
0.008837590445171434
0.02118437365876459
0.11790977705193013
0.25476554734486556
0.3072090886156731
0.6086476744552565
0.007769800895244705
0.29597011181137334
0.010207328479242422
0.028062663178304206
0.1848809807673792
0.371558868419312
0.2604769436750323
0.058219419250197996
0.29390275334171484
0.16658950385317284
0.12624326236253097
0.008946923950915583
0.2726431403370655
0.006421842586084283
0.035519826354839044
0.025013045397087784
0.024106124926189767
0.012676804923820322
0.6127137267480128
0.01578398848482514
0.5873692440908355
0.00628945499533321
0.011228885477898992
0.18765690528697426
0.010426801790590098
0.032478232135499704
0.012451145136492819
0.06855701214305525
0.04280209057587068
0.05275362425351536
0.7128989812599009
0.034974446834840425
0.10106359694413232
0.006650293175953327
0.01666624494124218
0.016696114659722757
0.016661559231621936
0.018860047551225567
0.052188205446453355
0.21744213233862025
0.06848378687838333
0.3475926549062886
0.1835145934063081
0.02584609147763328
0.12004482988272192
0.013263681876911185
0.16057339840362198
0.012369116876450408
0.05729095551564051
0.4586196915668683
0.16687732715367462
0.12536048585225046
0.04857727387439798
0.021780306096291835
0.12488924883100765
0.02021851315255357
0.07193070536898775
0.04865968293914915
0.7707838101039116
0.05467465786772832
0.2543370194754067
0.9522552388727362
0.646013776587093
0.39166613019220353
0.625411921573935
0.012046426809259502
0.037118947761708994
0.027763246707221675
0.576771321740667
0.05377535733627423
0.23874092844285355
0.031913970003588
0.15907412309526883
0.7098396979941178
0.42885291481169907
0.017626063708505516
0.05294838236420193
0.030822382009308858
0.01632514488354936
0.04891104220280785
0.16570609218917945
0.015099099901524261
0.20817055248269278
0.11100039701578389
0.6651749539904616
0.22312475674283497
0.20700841340175719
0.029224576928758624
0.014139778828568948
0.24110049530019345
0.0212872155102857
0.03274953343008671
0.032106594053530106
0.33825661842225796
0.016450974018226688
0.12628284088050745
0.10345073843053698
0.0999573786331148
0.19335993048992348
0.016219036664925746
0.22679429111266666
0.014634928615340216
0.008627640460093183
0.2445308949107424
0.21910647130175215
0.06257101051876329
0.042690952547911123
0.5104137331035151
0.009610162605036214
0.020331795655845454
0.2844118514884308
0.20121869382235733
0.06982748527311228
0.4405041817978052
0.15247271484142608
0.14162949868770336
0.012962890429451344
0.0349240820374671
0.03643473454503817
0.33679742213783576
0.04139902106336008
0.013232387318748495
0.5109343849456207
0.3659395195585929
0.02997299562823722
0.011898382395217207
0.1866198392021957
0.12782623327255743
0.00891263947597058
0.006903437261659665
0.07269592578099253
0.014073344782182105
0.33235924267278916
0.18415456538769262
0.036614031136274226
0.013820936673209903
0.14583780822232673
0.0021086337654657836
0.05474398284344714
0.045468692533279856
0.17054586931324958
0.034962122213458985
0.0395707493236649
0.10874531823708032
0.015585587602722616
0.0202391809183192
0.008258207912195647
0.01249262163234333
0.08887950130388363
0.05990956136233752
0.005363399542773399
0.013660999640908554
0.38654383029589623
0.07069810332872746
0.05170066751226165
0.21655361155546554
0.021770144823185875
0.10313291026883198
0.27094919594312633
0.009670548308066115
0.5407460515895632
0.1440849265107626
0.016719796214749193
0.009248442056624366
0.21190075335143713
0.13632854321372764
0.012697845212386878
0.28708270729490537
0.318464084327426
0.14835108791662002
0.04480818909421628
0.025489377257307273
0.03694661471347964
0.028348940642948187
0.2579278913852004
0.04944572338960689
0.031094398161699073
0.07569555087501637
0.04838809013598113
0.5048080749503426
0.1262512892725789
0.05345789910299393
0.09454947137330437
0.020698212712559082
0.5407980096871491
0.011700666704082728
0.04767478456249292
0.04493185024632911
0.49458414962941205
0.047839371629746205
0.15840003460762764
0.008225982169032428
0.025496912771064098
0.008492406039746925
0.02423803284330745
0.2819296955558202
0.029682571016024756
0.16515120296153424
0.43658718281458264
0.02313035630858768
0.1399866435768631
0.11199922083561112
0.4204134425083588
0.3579138906789435
0.03307174181949429
0.17315602703086747
0.0194681111356869
0.07438680783153205
0.057728296453303
0.20552378613980735
0.16523942269419514
0.2276823470310645
0.026146735874008436
0.012592685393477675
0.007396345471904257
0.2829020299409437
0.16106791624475908
0.5065584953022667
0.012670891730220837
0.04960214270631527
0.3322356984525868
0.26005223926888843
0.1216975716109854
0.021252391041287778
0.18042306200819783
0.19003934303458095
0.03489691586251067
0.36140785320744107
0.024609137539171065
0.197254164972556
0.01474190159221351
0.1603396312272282
0.5278875197669259
0.17895584355610408
0.00820086555369051
0.031045465075826697
0.0619396939910221
0.00841854823574262
0.08154789897935359
0.02016512053822186
0.41181309800025206
0.04993275491052018
0.36283676819824673
0.01581786410700177
0.02370029135984367
0.04413140761871708
0.2900628586635068
0.014085479732207756
0.017690732468288874
0.06568934259201123
0.015355572443414135
0.1220878320290177
0.9783093100241803
0.016996492760981013
0.009745766637733402
0.05458023984764594
0.06397706466628166
0.5336076243736285
0.7537338391092274
0.1610805146256692
0.030556761501252958
0.4523928695885524
0.04388445041909942
0.25164109588196704
0.20312157350537097
0.24871646678645382
0.069049086796238
0.0984856661501131
0.24528840257839157
0.8174970074748227
0.6087421156248876
0.07403643711599826
0.45912204692120445
0.02532259578932367
0.4894117073472581
0.01214556383261003
0.3783765929301286
0.8295557089881381
0.9585673688569253
0.6646363094954582
0.013583255372902798
0.1770249749265238
0.41760517711731204
0.015917002059967607
0.015690216062415933
0.011782907241530563
0.030828935657760362
0.22508412120543844
0.6098529495886641
0.023198558957363818
0.06590129755627586
0.22687782492586878
0.01147349852198333
0.5249448943731576
0.641122070019491
0.12612179806650298
0.2221978668993561
0.2719777642770938
0.7263266957556047
0.012407691852514759
0.009103198860019245
0.3194164637568098
0.1634224385062598
0.300913593424391
0.05912605972867656
0.8380173963927051
0.02982094439624312
0.08855755025087637
0.04689995214248804
0.13523979674345868
0.38430099720349675
0.06045227013814121
0.020409756483746332
0.17847898904701956
0.23111896410945162
0.015885405958465663
0.5283394328635908
0.7352128312972289
0.014934325553594597
0.04718287110256876
0.01209397335866369
0.12385184577982146
0.3629325661957453
0.026516829527547716
0.002961865434306966
0.15584116681057017
0.20533063472872629
0.022627184794757355
0.16382385836073757
0.039569497152089635
0.6897987091703209
0.1997689986660009
0.16116707953569745
0.21108052748970527
0.038732729420049516
0.01377927552934566
0.019409471133176415
0.053771741998054054
0.1507562341257606
0.0074403073575006655
0.04303186387814068
0.009528163746501691
0.13496818995878987
0.1831459697757691
0.5141802082192616
0.014969644165039294
0.0225847860745914
0.004722751223070711
0.29700589438864594
0.03912136095335787
0.2036089474502993
0.1281901165705129
0.01041524463177049
0.30329089844120927
0.027291733250763135
0.23625043681719396
0.006834938024695679
0.11949890266068387
0.14216149033831943
0.5703369568347447
0.25030374420845547
0.5711621245494803
0.04696885488135749
0.48211150244703666
0.02297929765967799
0.932364783617053
0.03493340777180756
0.01517438387644374
0.012129341910170375
0.02211361465013713
0.20836778789204113
0.07047804192027557
0.7184884482719884
0.2318490976013311
0.5927538891687594
0.0264161365662081
0.4508445439907502
0.04827416740603524
0.17851057414353486
0.18858386775193206
0.013266794609342682
0.16936952948019093
0.026176409299914532
0.023960455599829816
0.03167603548365702
0.43258472988344454
0.2030298312654597
0.2965075905647231
0.2805049325533773
0.20440453498497507
0.2637972418489415
0.012576746901756563
0.21971645882534813
0.018883875608971288
0.11920295828697107
0.03550887471294804
0.006548320775901501
0.17448341475847695
0.16344730845217523
0.529657797219903
0.28196762074336
0.12406867158071672
0.022057752317952366
0.2964049829845663
0.016510671884151704
0.9853334556053164
0.023381854118872145
0.009053086051854932
0.1439378122294065
0.0490777450046888
0.02179070965305611
0.36072824697971134
0.6262993135738595
0.008587185517880394
0.010437252564814009
0.5354795803074114
0.21165207993201213
0.03634146423767276
0.021426372741369066
0.12462559407353667
0.011756814751679263
0.13297202108820322
0.17556253363071914
0.01656450374461593
0.04510107223302327
0.06447776955771277
0.0506588150016181
0.22735961055650322
0.24091752931511104
0.023619667142415948
0.24718446869263935
0.010579843724832436
0.8019536200029915
0.03759308665339185
0.1628396111228066
0.10084588862882371
0.1304924412254289
0.23705682190267396
0.45002335802030796
0.008973201707414122
0.06782057227446275
0.028086869681136637
0.33947773740014575
0.2009502708144765
0.23935677217657067
0.025001112175762338
0.21974117752092145
0.020658887290394598
0.2588198327269276
0.006462368978390249
0.053409286406616005
0.04539738232809724
0.1717104266294304
0.2143683342204706
0.21517699448701988
0.12152697429082078
0.08176375915992395
0.09483564426377294
0.16250653707355467
0.4047714655546424
0.158431777420167
0.030708123137326702
0.02999614328402359
0.30683843735800875
0.03505149831012129
0.20050868253020826
0.2044050722051734
0.1069364600780363
0.017400321873169346
0.13336759096632522
0.022778478755921337
0.9048542501937835
0.11124456104360078
0.2826749654697672
0.7312930940696086
0.029000708604022065
0.014181714661059167
0.1280330332732777
0.16752947826832595
0.45416123692368615
0.0345238452085486
0.013055620969061934
0.6666759042835526
0.8251937186598958
0.27967412074581155
0.022660476899518934
0.06465277631591436
0.010004580331381513
0.013390310003952301
0.24186136782504697
0.8147806776102535
0.12074137538190947
0.01619786048294755
0.21292132493311927
0.1624538291814429
0.20762143005706563
0.044204879044034445
0.21491911803852384
0.035927118281787976
0.023757728718114428
0.020176777852521647
0.7453663927470361
0.23803887102437954
0.2691769424178435
0.0067565424072030785
0.39503282546914176
0.14296829176184495
0.026952319794663407
0.4202393015310534
0.119784045964615
0.761146513068737
0.005684464066511278
0.2619008586750422
0.3085946688032632
0.050138141435887636
0.6487619145050466
0.5788465255884521
0.29320668917500764
0.2072253097007264
0.20141052040370283
0.1575160240422369
0.17389839382322173
0.5754175558787086
0.030096984744039018
0.20061649114622376
0.2178761862061752
0.635472918310192
0.30299076827093674
0.18329586669566766
0.02887929634980488
0.054252477751907974
0.015725044022542184
0.43850790724640015
0.08953252686492903
0.3743987563428851
0.3983550441982361
0.2232812709317851
0.25375304374319974
0.23884378987818408
0.028240111360678475
0.3726901723298339
0.25549488015703825
0.38275496305591516
0.1379512947142117
0.4916016492529526
0.7453055975357881
0.016296374381910228
0.7851079575007213
0.19423011111165664
0.07435177562756425
0.19451454490290332
0.06694773193138029
0.2510243341742114
0.49334153875848596
0.27729672918335146
0.1841374044941974
0.30567418535120433
0.2863012682990402
0.20931983686501024
0.3505874356949884
0.1504459210643392
0.15352949885482872
0.28721428077131866
0.41119129550468964
0.3496944234005173
0.27606216751010804
0.19105026712865428
0.24813256600185518
0.1833454019980927
0.21465080243623855
0.6088041651385068
0.38426135215469887
0.236866106808853
0.17162424784913885
0.17723138873942512
0.7936175566962834
0.1507117562499929
0.010490282827478162
0.2922346580109242
0.23495815732970773
0.5885366077145912
0.02774989354702393
0.010300493975526629
0.035374795069495715
0.20994555254704347
0.19863160061974336
0.010689354798172995
0.0068211454903158225
0.04924090581105329
0.16419560498223137
0.1414531502198246
0.07474913995761531
0.0031531237957717474
0.2406999644080076
0.21507623860944408
0.008030771202492015
0.019519005589747798
0.19140214454314497
0.13107509335367437
0.017395471132050297
0.23652425366232882
0.025992584959849446
0.1395526625876354
0.41385280620673587
0.49149456310089634
0.4193750239694109
0.0265975390040928
0.20334380717506534
0.1819623743236101
0.007398008984236644
0.2194392343782484
0.2780699959589414
0.011725332350493506
0.016429422812387937
0.16071652640684345
