9.62272472027868e-05
0.019842565270743493
0.018197798743580306
0.05756447095671243
0.0001701787125939768
0.025707641293151937
0.06308152424981359
0.0029364893032880713
0.3232644585161153
0.49755586520377304
0.00837716314939066
0.05110630972732757
0.02314808849594478
0.11715129595943331
0.0002201656929648553
0.022276035819277538
0.5349204433083947
0.8450697799301096
0.24929326903535132
0.002206721666448209
0.015861167766386547
0.028939451285797387
0.005245984851085567
0.011717481471909283
0.34086783247831365
0.8802607504067719
0.6887526313508036
0.06926846294145092
0.0334452378077856
0.005864166239627798
1.1811262362623022e-05
0.04279815448329069
0.9998836843921408
0.03702430969905047
0.0007197907864157188
0.415669563677254
0.04244696152137617
0.003137576839183495
0.0002679056895365525
4.5018721379387996e-05
0.005406897269943581
0.02268725336892666
0.009123077575996324
0.614845142835763
0.01527319403464988
6.32869375105237e-05
0.9327868672013231
0.39634524825540235
0.0008064245234660595
0.0004813968281900866
0.2576870392121204
0.7046866515356401
0.011234246455899207
0.4610677572333359
0.12254767662575575
0.002259195352771096
0.003480742899052854
0.9999443175566862
0.14442591248039421
0.05617374321923193
0.06292678977836128
0.11194935533964176
0.9541805586606207
0.0011988571486666504
0.20716473641106023
0.09745840792546949
0.005128421733109468
0.9320188548732677
0.2800191179551369
0.9996304021261085
0.0022182833196147953
0.5742696474857076
0.015376597935608768
0.0042498251556115085
0.37602577969375905
0.009030559978588742
0.05431891164053245
0.01438284755458406
0.002794068460027588
0.04730488770800713
6.562883652850174e-05
3.1866782933053645e-06
0.8983069210137145
0.0682350614421303
0.3231623198709473
0.11076577657380977
0.316884301253946
0.004827093767234287
0.004329568789910955
0.44839173061030835
0.004532500026838487
0.27184665214396453
0.04445032257012795
0.020087526262974036
0.0002415495895378763
0.9153290250824351
0.0917382744956581
0.7696727893071631
0.006362282041900826
0.0409924471310062
0.0015491389953701297
0.34313637706096195
0.009040249130951432
0.0758632541679208
0.007897722017837255
0.8961630908154764
0.14086446717757284
0.9937419369140063
0.40451810983067193
0.9945821746845802
0.15691511720097787
0.0015729858080722801
0.6072220883235326
0.14577677210085227
0.8884401793424102
0.905015683332152
0.00011540441831156043
0.15329944692500513
0.0020131510341638795
0.5562771262814534
0.010315164654119007
0.3561605088716671
0.002859086783617074
0.004202112532789558
0.15565795077290967
0.0010551790403776787
0.01027213503135845
0.006092936510373854
0.22315630707199005
0.04210229291399111
0.7251136659105807
0.5895589064458874
0.15254077480159334
0.01802887279596461
0.40368328298685946
0.08910152931260275
0.003438940718086969
0.9999910246776953
0.04903306240003502
0.0006385844948515291
0.3064872901391913
0.027498729629424318
0.3109679562345613
0.9711684634161535
0.040560701471273095
0.0012444350247874491
0.00015602248291625887
0.17066272176836425
0.05219563424437367
0.1986862300850075
0.06579618614776676
0.01543410223230327
0.004790694456209526
0.000922537913320853
0.7518360579495061
0.9981316815005676
1.3909378537762637e-05
0.009304407584252486
0.3433626049040693
0.004946288760873615
0.0019229583568200863
0.004939755645911312
0.8275697516017656
0.0006543583090380306
0.041640510635522696
9.552859908363265e-05
0.10914113168847121
0.002119996679062461
0.026946998703769928
0.40047306385871295
0.00857795665906542
0.8033796657218281
0.0037053026079010517
0.4749027701408349
4.1623330351136736e-05
0.08998865416415171
0.28901247752880427
0.11136561200852868
0.15686499229099168
0.00011892882737379844
0.10374500658183214
0.012073488861247962
0.08356002873470683
0.6833646898059716
0.5007133591807369
0.25564505719204905
0.8884824326161912
0.0006302208245328919
0.9906622452485783
0.892045087164268
0.6649537974575149
0.04578370385868102
0.0003679867687041168
0.010430386502160962
0.35962762842921636
0.0015931059597184885
0.00018275728518455056
0.00022375127303715035
0.076411187650698
0.01720269112076445
0.0035035306897330015
0.5745592681385292
0.0003197204099398826
0.0009506041903355588
0.798642937524991
0.003191478576908183
0.9999999997483002
0.13352043882988382
0.6631410691402853
0.007867254911086202
0.24521444014549937
0.029382524779861974
0.5781453876784987
0.0009703288792790829
0.0005791245496990635
0.13103309151286915
0.9990059531284824
0.0031221969942757527
0.995620840656075
0.021300705248272704
0.004262764114842645
0.6678161377244103
0.9943169472626825
0.9872070761071803
0.8419649074082165
0.9681487526757637
0.0007059072953775501
0.6011804823381953
0.0009277052568654113
0.05486254838771142
0.0019666260144892635
0.08772056178563083
6.666875267904478e-05
0.004957375317536876
0.9951948561253017
0.7303090969508358
4.187322686823634e-05
0.0022259286793816263
0.04761391067503623
0.6442625134474744
0.7473044529548045
0.16593676572663724
0.996642278810439
0.004640723764695127
0.5784292853844866
0.0006439303784102301
0.08225888040998894
0.0002471229902180722
0.00011452772967645345
0.05862939893499069
0.10358655884625237
0.3175968919206182
0.0012939989682220318
0.08981508948969578
0.9355461496092069
0.00018275913550175235
0.668661516694911
0.21600120046533067
0.01997298386926617
0.007222072332625167
0.00018056048934384888
0.02325611864660392
0.000528872387639709
0.7266296513739222
0.022558798002933273
0.05199176390765131
2.650539066271964e-08
0.005371552516962103
0.017150076954020488
0.7487099957666049
0.04157603346350586
6.093676569836305e-06
0.26495449978755253
0.9634639932474152
5.411941917829761e-06
0.9710800359351878
0.0016159105871619594
0.014171379992451017
0.10577093226643754
0.3532719451321411
0.16597086054416746
0.015509538362552604
0.0011070304465976648
0.010735269979548146
0.009340056928190479
0.07505200236419239
0.016854109795553858
0.3552658555441668
0.7164171400273025
0.00018196217358629722
0.9981859281722587
0.0028541893063431887
0.007105081534896576
5.228892913123097e-05
0.8620307890490835
0.11368117971853145
8.037091592468613e-06
0.001594722692576914
0.8967671101848718
0.009905970810774664
0.40263473052462645
0.07684514240072576
0.0023548423791766838
0.005894820759952676
0.007139788976413659
0.1451991040379079
0.6312211769759283
0.9968051629355108
0.16278298335868918
0.3392660112053571
0.9881128174105478
0.3888981680898741
0.0012700606638693357
0.1667945930472128
0.046822502940951916
7.357594116249797e-05
0.07219094126216608
0.286607779789452
0.9994241904093142
0.025283637394014288
0.17523980086034058
0.20003679448224493
0.0003167411785080063
0.005509080789578503
0.5093113021745863
0.7980553248793868
0.002998284915392635
0.8502166405696379
0.001620052526126889
0.05663822033476646
0.8156845961127668
0.7050272491804229
0.046029283422055936
0.5193503800940044
0.010341306613628616
0.0014168536751654089
0.020985090636689768
0.000977191133914446
0.8368984908838816
0.002820015054408733
0.07925642226369148
0.9909574763565645
0.014642299877059539
0.0362100052313884
5.366247192979077e-05
0.05801271875727877
0.4826703518646184
0.9987525245705677
0.9274079173038245
0.002254656001038259
0.019648331889742156
0.0004348154696930107
0.930976751044105
0.0186604949260098
0.07467751732988782
0.37692343313056564
0.02643614440359145
0.028205789544914005
0.01817001300938001
0.0017511281664376421
0.0012938750620560006
0.12158306141908243
0.04012196550742222
0.0616691856481558
0.00618039138483411
0.00015185745851791578
0.3653141314624303
0.9983247617949302
0.008398252343509821
0.9978902592757736
0.0006904908437459459
6.289675617152981e-05
0.07245759380260733
1.7935367459007646e-05
0.04911806992518425
0.0050812510951551565
0.04766860646948826
0.8453799154550329
0.0017891578817622004
0.06787383203549778
0.0002427875390037467
4.365284325023876e-05
0.0001706771305942744
0.005621057764885362
0.2082262606838739
0.18693907701546067
0.000499122352166733
0.7620736735067575
0.2117169455350088
0.003347264732435617
0.00020952451496294115
0.00796898618759604
0.15049198970856584
0.0015329820017042923
0.00037868571594889264
0.1536054692581562
0.10537764471260534
0.7952975119901093
0.0025221363176730193
0.004556026282441771
0.24096056058229082
0.1924456203562025
0.21834031961470118
0.0010696676509326486
0.0009253943382868693
6.232821840608201e-05
0.2429334706848788
0.9844331822687346
0.6895205476260743
0.960539460221518
0.3673997301380618
0.10383324559781185
0.10966858874821388
0.11597301619590204
7.605638365390291e-06
0.8532387243034101
0.0021352027729205094
0.04542694199544626
0.9214284985330619
0.06793333415601639
0.0001667403789207089
0.0295509565091297
0.20283479173938004
0.5787290232330384
0.2166681411333416
0.9946003956146778
9.331244176826705e-05
0.03377121724389483
0.03785400934624623
0.29856547023177876
0.00558415594698414
0.6098250903814174
0.026951021704852574
0.009971592210904883
0.0021767977360801645
0.1629832509281993
0.0009869881845547923
7.228748468762565e-05
0.043271771125412646
0.16020156519975873
0.00017090195292567654
0.0036235103373889483
0.9980759555598626
0.003041344872909327
0.05315375041031858
0.15248888443363068
0.8941367243878503
0.9965805602093909
0.0001979067988077565
0.03724371609398667
0.0017361276798935335
0.00018948157466295397
0.056239193319282496
5.995283818217786e-05
0.0002708142109258433
0.00016159405453453177
0.9999999298882432
0.014755317993177105
0.43938676886800054
0.05080382130635558
0.25944602890151874
0.005713039405741195
0.003875930205973019
0.26240602583036365
0.007614909103138795
0.00010519855254469598
0.025870777159162625
0.0777495313966716
0.07627054390044044
0.6001527000320165
0.0012252042598278905
0.7427392211202735
0.9918694114042366
0.001927344874278552
0.008973231759679122
0.05288563139212621
0.22910637970479097
0.0015955065784998234
0.0005380286700827957
0.0003114600197424055
5.96117086939955e-05
0.9185869419617029
0.015382922081382207
0.02957997669505901
0.290570898243984
3.548651690440331e-05
9.335897460072563e-05
0.2929932567035539
0.3214042227887503
0.2693154570981266
0.018710751488876583
0.000672654021038522
0.0005364700378462232
0.029456316683742833
1.1008592634341886e-05
0.009582505293691021
0.08204332179861207
0.03451709440994155
0.22175407245457457
1.444071881268628e-05
0.00102618361462668
0.0005882381124115753
0.00023999139224934162
0.028993035854062123
0.5031051223462101
0.0022373906927059765
0.0016421503301589056
0.4625925702777112
0.011457246387942249
0.9927935373903441
0.026124638451171873
0.0009048517998168092
0.026477414366921692
0.6555859145912825
0.024820940680820018
0.00039181541667370227
0.716384332521747
0.0134918704099021
0.3852738302619541
0.0128185572899826
0.0013358733487565718
0.004973156914910187
0.16044409945467766
0.08621072082826142
0.18825064599264493
0.374386659393337
0.6382086170026514
0.002748371042776854
0.8039113100668493
0.0016874900534180292
0.41998249776860574
0.0001770129863795781
0.014248738688395914
0.9969928564907509
0.0754080827543528
0.002354678082386681
0.00025997175379663916
0.15793198975279593
0.8084121460008353
0.022288993631619423
0.22168442448499406
0.0896466408509728
0.011232324380398862
0.20173636539401774
0.13997255117971333
0.8615475206129874
0.01769134561896938
0.9969508905144994
0.023670411784083648
0.0003742420455158114
0.029915881240178157
0.035302883991340045
0.9999737612591351
0.9081249030944738
0.0013229785066877432
0.004671783293070714
0.000686001406792179
0.590099073573686
0.019815327301433264
0.07232536403047098
0.4401821720034589
0.6336957224729166
0.059555789536180945
0.0003128649214664951
0.1417503349676762
0.8839175522862748
0.9990165290858983
0.024685222375577586
0.40170672134630137
0.0889949979143672
0.08144717042278729
0.7608669560933272
0.9989550440487166
0.4157732239726749
0.17264028276891005
0.05120242415006022
0.8166509056015531
0.10112581001080342
0.03448791157868795
0.005250087297712356
2.8865076335404403e-05
0.9999981646567927
0.9998201125451468
2.413231000403391e-07
0.05591893575255902
0.3452267326020112
0.0006687152720173167
0.05125088077875165
0.002144501800607758
0.5260368317522689
0.3517872621151033
0.001431922062108009
0.48173450135713003
0.00940829949092187
0.01852110691726574
0.7222335601512071
0.003366896613095202
0.19449750773631994
0.32090141679360085
0.09498686865332152
0.005260514604413368
0.9720313732313098
0.004402675533941738
0.5026306039384215
0.27110671263003294
0.3510773815050988
0.9058447487554445
0.9295102701303108
0.03575079958846166
0.12883204525410746
0.9805461097180411
0.12380798191687964
0.6002532967146164
0.9960760374381122
0.6948829976064792
0.016614300457606656
0.0007448853325218361
0.01994808451038416
0.9823204415787666
0.21857501882580904
0.7250890882745347
0.006990643566418589
0.00827477757034172
0.9017762887115248
0.0034190450318703357
0.0004684843982796675
0.9511359266600831
0.04097674681057107
0.15222269696307716
0.9298199779095012
0.4144138168869854
0.8031423127082596
0.029805706009636102
0.4103257617358073
0.04030377295145751
0.40869128576037594
0.46880184437322336
0.3315289759983556
0.008033691767101513
0.023249651141530263
0.24133967395121753
7.397504820092606e-05
0.011810526426045152
0.0008719014380804806
0.016246800246800024
0.038936060999705153
0.941413136978719
0.1433420614668136
0.6191344232095624
0.0057170126655742915
0.5750314877384656
0.002084537793608702
0.043835573731867625
0.997322836559743
0.012998669293878879
0.9998299204482315
0.9913894477479357
0.720602479655509
0.4218480826459628
0.029484581927989327
0.006269874746541346
0.008887588432160146
0.021551124767240176
0.20197045660748777
0.00013074549695424624
0.15728251043907415
0.10375111752120267
0.00026975758562324415
0.0012365911155743543
0.005341571254071698
0.030847304633619437
0.9897370244369885
0.0021234124114622513
0.002391050671269684
0.5344385845928805
0.02268563892095391
0.0069762221829440555
0.15699340971180062
0.022000208797376495
0.9992385506390733
0.07515907804036481
0.9243764247892715
0.9534339732929051
0.055772245165467485
0.04504428861586694
0.2483349203273258
0.029432305393774155
0.01771565489492634
2.987630988790612e-05
0.8888715695254855
0.09907510803210517
0.018081719306037598
0.00021120337165760755
0.9815937072448708
0.2143585880914476
0.5467595551267007
4.42245551173268e-05
0.6001083610639061
0.07930697195987649
0.010225454339465158
0.0003483430550651754
0.010629123361304171
0.6147060895902442
0.020961628021204916
0.03414907806518794
0.007405171625359558
0.0038584973996494973
0.9866821634064765
0.011679095679534611
0.013041219074580803
0.0810363560946312
0.5929109473974046
0.979038485077399
0.020476639044087374
0.8970104778681871
0.0198758349359588
0.16135281961572195
0.048775993142482696
0.000546823902875892
0.5249546782422309
0.5042564530463439
0.7959517318760388
0.0561038646892837
0.5267168722926425
0.002038646202560462
0.9523107756330004
0.9692345475646659
0.43689085583578746
0.46789055986411887
8.931358449236323e-05
0.426994989930717
0.593620630710168
0.011237254599623922
0.32225684824876094
0.6697161814782616
0.0026981976633163496
1.4905616233745737e-05
0.0423834448728743
0.0009143266747978874
0.015442315276302633
0.0009375547379827844
0.05493866457965245
0.023102453397004296
0.11810588862878107
0.005443318371907688
0.3862673485322197
0.10625764584121508
0.9742323141423949
0.13432963252581775
0.008498652003399772
0.05309929788688809
0.004009119190660884
0.17699018008261547
0.9129634176931869
0.9832828904693313
0.10767785530785078
0.026888679207926557
0.4326457054412668
0.001324341704355669
0.04443016315459808
1.83728019482297e-05
0.02312297102908728
0.16062006948401894
0.004472900999321304
0.8831407499198232
0.1033143981997972
0.9649148666477134
0.03455612410613464
0.6525644960336172
0.004929061276424938
0.0041847508228933065
0.022966108476362275
0.020702121262555318
0.13356333565074419
5.862584369928955e-05
0.9882077294684192
0.06401317887177262
0.0002803893988791594
0.5353117814632916
0.04338972076205609
0.0005786253569509855
0.13132968138527928
0.03154722467094432
0.9101659225414901
0.9352383791491267
0.0015529419734571512
0.005993436693370028
0.9992455118824737
0.020521471520756403
0.05717715991673357
0.04616748858522682
1.6418999813670822e-09
0.031703090852994616
0.004030651315650039
0.09643421175249818
0.8347084137092612
0.07005922150198675
0.9880159550382793
0.00039298257643294917
0.008252181915648471
0.009039287096836665
0.0001751440846615504
0.2759332293221349
0.8261183645437015
0.49679930389145277
0.1576755636270756
0.28305592488539816
0.21921492385094682
0.0030737779799818485
0.02501459263212036
0.028366415976438988
0.0003695374153642191
0.001010418123127133
0.07131301183341371
0.13039407649977622
0.0053019768237417214
0.004475132731164473
0.604524869835717
0.00018567853013231006
0.06221443383667627
0.7634467966928142
0.9326531242149735
0.03272177507601357
0.6968621193995191
0.013083331345958928
9.793292903309971e-05
0.4199810568689208
0.00045377719451400705
0.24421118070286196
0.1824686202966316
0.0009628553847896217
0.009906663414673549
0.9570459719546053
0.9077894029372897
0.00930938294730751
0.07558511303478391
0.0016344795410045052
0.0003997066609272586
0.12864807209089202
0.14101295296333521
0.0031032442688154424
0.03509155557106042
0.08392624988263153
0.8462716824385615
0.9028575203106233
0.025473066488235628
0.8043891913052444
0.3490818407259265
0.33196986234930204
0.012564733960768288
0.5622208101105123
0.016622234256638765
1.396625584707705e-06
0.00032234318210967397
0.26831875947450684
0.7941488894161111
0.028082589465895088
0.059963199547054404
8.56033182427139e-05
0.9521108319170973
1.3006254773770163e-07
0.3968269133109247
0.7699390029447871
0.01771122997191661
0.9690350274760805
0.8520439179327887
0.8556380155647089
8.782081529919527e-05
0.8584252735132275
0.0014913897511037986
0.09651111309883813
0.0011135602637665468
0.0008166624552737782
0.0031882050342377675
0.7698108128872561
0.03449453616429559
0.028668189530897854
0.008318702138252513
0.9062605993295245
0.7788744517194494
0.0007654921775308304
0.0734625764210464
0.16993858009544296
0.5466073515027265
0.23862418750154796
0.001294653949403165
0.0006677820970600208
7.23047980747188e-05
0.0350210643993631
0.001300459744285688
0.0001921357648345833
0.9645244972660553
0.10619686711819731
0.9231826393304823
0.319489422552202
0.0008614145331596572
0.03400271371012477
0.008332038014335229
0.02514318674038484
0.33012466672166113
0.8284434441469116
0.003976574955853328
0.008124458236620363
0.015788775431564345
0.00016676401320388885
0.396531712263674
0.001506340534061409
0.0013397194336599568
0.0061116566568010545
0.008635544286036528
0.5568694260904788
0.5189904522832085
0.0012944724117402782
0.0009825638653922673
0.001556622266384825
0.01766387299878461
0.14355440958408242
0.007906268540873087
0.05936681596177089
0.6623547215203559
0.024228055218358642
0.0020400727446420607
0.08382749913084883
0.39321969372997184
0.7602327819367232
0.06947846005084488
0.009402944267776357
0.6085782473541353
0.002383176994030317
0.7312875492373935
0.018033411155515208
0.015017603990343287
0.4339122861162816
0.0009896763668432195
0.09811750958262831
0.0038883567219036
3.5340153101038516e-06
0.0033406199094543603
0.0008641555406815868
0.37240874432328747
0.08857920636899545
4.7291101591004365e-05
0.5792910858496316
3.7236647681070447e-07
4.9443695490623406e-05
0.00018719062828135975
0.20781712068562141
0.00018127139054927884
0.0013954312666379337
0.0006301937271881176
0.23268700323514815
0.004190343601348695
0.7196209559096567
0.02715228576875195
0.18632388264168892
0.5888159651013353
0.9905610282114842
0.2588840687423637
1.4785016995276233e-05
0.0075706647714567496
0.9220830168683768
0.0012361371042139873
0.0004629442838242143
0.09861745819951077
