0.007979478668969402
0.17567648980036765
0.016433716279301635
0.32313430071152827
0.09161665763943899
0.027613123083356495
0.03250293690424469
0.2689768410614655
0.046638766083198696
0.08243929816116155
0.29347232641307835
0.017500141025944275
0.014708983735836668
0.032698393953851754
0.015853567335203756
0.07256189251893597
0.1884959013330249
0.5782769037711084
0.38758718785634794
0.026475325014154054
0.011296545680351397
0.2840358662404946
0.011956014187961906
0.034919442348557796
0.09973536048063056
0.027133605249412024
0.20943571150689397
0.3005572666763054
0.093817583431929
0.04767798093707407
0.33406347889000315
0.06253661332377136
0.7879410948367738
0.0789484882581209
0.27127396522193525
0.5552306169086638
0.053763092872115656
0.40701915275589007
0.01703452226148621
0.010666541212406221
0.5537587663390815
0.08472604421949642
0.05177129186182059
0.03968089871579245
0.3280816758317355
0.1113154533461407
0.5310357043347852
0.9368190128325986
0.0408889321892466
0.011161357088067828
0.053504335763847596
0.07809492697665935
0.2723709512998758
0.25068577310789986
0.015783726050376656
0.015812819243626323
0.03180077057319651
0.9835343889274483
0.00528836276252871
0.03563849331397359
0.0426235098953345
0.1593856380777496
0.34139865343998105
0.18867037076274246
0.5308941940809132
0.015914723450413604
0.2397187666979822
0.03142812363740722
0.43307469178421765
0.8188546049250045
0.07566539399478896
0.0953161807377038
0.01255745395697217
0.021099932362682493
0.034299988980090616
0.010296908040713737
0.08538913764801613
0.013392107304439415
0.015321846857110511
0.6456893044219648
0.01109991805919244
0.011178868692691305
0.1730465260945844
0.06795659346558328
0.313097608886778
0.20438636711315525
0.029456619923315004
0.060087101550473546
0.11612532770216828
0.0351929865390688
0.010947474091257561
0.060955938377829824
0.2040214782490563
0.0788554701504991
0.009793315332998436
0.0478286367800887
0.4304229232498105
0.6715166992579381
0.01680102412820724
0.11918828707673794
0.14493941362998108
0.026819676095328093
0.014509751052250181
0.04076449345983639
0.041112366740855374
0.14208548527837883
0.10908798292606983
0.231437126692398
0.01739131531175193
0.30232666825483684
0.17326738265409136
0.012613548923401814
0.06594809288857743
0.2028833978796405
0.02881063315811358
0.6469694577154188
0.008571097922011349
0.4161580622339487
0.021571776633606595
0.08738029142412665
0.16752073459543368
0.05300750702024149
0.1075484002039948
0.007773584252218969
0.12524044339009205
0.07778107591295698
0.023595687993028535
0.018527164753105795
0.041840027274764165
0.06343491216870088
0.07961526867070727
0.01427424252878452
0.01060342197843062
0.028020656196578154
0.5609276068092797
0.7351070578145961
0.39510808613273846
0.8077959018841085
0.010587632318002756
0.014743888757438057
0.06951536690242326
0.4819793556148778
0.033182690325757006
0.039633259255577744
0.02418329997000738
0.011612855475716924
0.021060354624666534
0.01565571833280368
0.0265485572079138
0.10502772649811017
0.03172684428095705
0.0446124961653458
0.024066055220631394
0.2993329460800997
0.01947568998657338
0.060594508560843564
0.012827710593657482
0.024965802497684503
0.32836663388052106
0.3699871984159575
0.2454119001907165
0.057106267799365576
0.41085767028569214
0.02289163458403453
0.01998986130543579
0.013729837105944089
0.0652327048736455
0.05447865060708313
0.01610054981935977
0.03802155107674153
0.021402214885823726
0.24391494119608978
0.02833591659097339
0.39666124080334086
0.01215213832355699
0.3540386662404251
0.10341458132475594
0.013554311532887291
0.043129612403145744
0.046538430205242697
0.035817305818635986
0.024975956593314075
0.03336198686771708
0.10226861880138154
0.0641440207732342
0.261932109588951
0.17582670725328356
0.027996158644807187
0.5151476467421262
0.049728972284369975
0.38202125489757743
0.04267914040911743
0.04619592594560578
0.019466833691009017
0.1823512750832339
0.3949535759071575
0.0926413485420963
0.09135145093491162
0.18886542799642078
0.11327076951531888
0.011320841183553407
0.07447851212893954
0.04096781019537908
0.009529383958699462
0.23158196947274123
0.03428840891766877
0.21992114749596048
0.24047878861929067
0.1936186460394051
0.011593013021348733
0.04823174229444841
0.012480910260888734
0.046709403615134634
0.04209272535291334
0.1305613391190464
0.02647453641655493
0.12245449711414015
0.05432106334959096
0.18986035522036027
0.06272980180399183
0.014609480090180186
0.03298123398250698
0.49727121824413995
0.23338917927550762
0.10538565372629671
0.04848863156747677
0.014658406477594222
0.043372293745072336
0.11471501371467614
0.4282107961965794
0.06540467774677355
0.014293060013949383
0.00774681772854302
0.03447286920573098
0.08028102013150866
0.27712726849530767
0.008278213929409198
0.04950342105553358
0.037470099495452054
0.059744567047084834
0.04989212316954642
0.012654073771467145
0.275000658940858
0.009946443497641335
0.08626472923205503
0.019729383823534515
0.02941678187029078
0.1464474457561359
0.013251475070764575
0.03963179592639766
0.044543156532414814
0.24218557554771966
0.010069097030251016
0.04784557209702581
0.2529275473693906
0.032938706972445435
0.3796903541792361
0.02637822564695864
0.11015266188034158
0.03390605550940776
0.13539799312902773
0.2695089463641121
0.13308745518260381
0.05554227911336438
0.006778171775450655
0.5214286333619532
0.4698855961283078
0.021977414657763143
0.11539236083816712
0.3042499363857565
0.05047714584893288
0.12751567077033155
0.3680198706776985
0.6483651780667631
0.012882226867043463
0.04139640035131798
0.01756795171100303
0.04823732874334728
0.04276938089760166
0.03706578450809949
0.011476594220814462
0.11362150961036133
0.020115676692588482
0.4170942636852342
0.039250992271542606
0.029800267665288708
0.025291188062658333
0.2860669147363233
0.04082995525651326
0.008812234813359573
0.05898044638000459
0.01562305008516113
0.02642136085277445
0.5516118785164843
0.023423975415574085
0.27355219972997874
0.008028219249593483
0.02566770692383334
0.03935622381624025
0.1327296992998767
0.5269536593272355
0.022691941363756983
0.04106097541887207
0.025774838828697823
0.07538801511751872
0.01231982436375421
0.19387722069575317
0.059295623707585975
0.01605118827621006
0.3037663618921615
0.653582614578033
0.013667213677906253
0.011003674300041122
0.5863637471491802
0.20939832766519512
0.021911110619271732
0.06582086706803907
0.4675164145347508
0.09405438657368814
0.020550571800212077
0.8428126528061076
0.04538469621706952
0.03373416157282379
0.2836304910946032
0.028377291230442428
0.17938811019822604
0.010924508007809574
0.04367874905707721
0.00899187416914101
0.030081262842277343
0.23017883278409604
0.17594754029500675
0.33694097500623005
0.2126484730690266
0.07715177614413615
0.02571113847384136
0.024988597615798285
0.012496618496326503
0.016629959138465364
0.29828986287046977
0.10346461790762575
0.8923841736266122
0.10459885445169473
0.009594433739631699
0.02479821881667466
0.11751567570031224
0.2033648165206963
0.2770541177426311
0.6243779055465812
0.008988808859064302
0.3301382258156433
0.012878622413271737
0.028427267410135224
0.20272295628918033
0.3704697934023506
0.24950114609659454
0.06311633960403691
0.2793522127784435
0.148365960335945
0.14598357203809867
0.009082786157784722
0.279841222657467
0.006405346588703609
0.035600710137921474
0.023308982799759678
0.022631264698248447
0.012188606257020425
0.631661712315281
0.017587839317230295
0.5785007762041304
0.0074606709835184516
0.010735935212144011
0.1575645024520514
0.011054834736308798
0.040953523344149645
0.013422484727478378
0.07478623521462167
0.04706827454909124
0.054050255537237565
0.7290601256415193
0.03651379104354938
0.12801643368753113
0.007869598763286476
0.019966506403330503
0.01917156897611631
0.01548949912421676
0.02408740122470079
0.04554659424734368
0.23042490324708398
0.0634302048055162
0.39383235514672327
0.18096921666246354
0.024318861928301235
0.11705400532526448
0.016002456995682986
0.17732278548483413
0.012669346018091821
0.05637891591392612
0.4795851541644585
0.15383768154669097
0.1107705881713941
0.05212809472099871
0.026437369286987797
0.1254025717717354
0.023058582878878502
0.0779700161812977
0.05445991830416419
0.763630765257253
0.05812499200562821
0.25965941212340427
0.9482782053426269
0.6570580120058602
0.406466447806327
0.6333059781731769
0.01656884738482603
0.028516268719039624
0.029189230914433397
0.5682159653777202
0.05837068066778301
0.24484660160290156
0.031225105486348298
0.16041628522380583
0.7573940460984295
0.43228417147477716
0.01916779903601023
0.064233750537581
0.03355611957331015
0.02039626755933903
0.05015014875092846
0.1503881435576489
0.01735971091264743
0.18830277287097363
0.12709282811471134
0.6870918053750978
0.23052153813121293
0.21562408337386896
0.03195392536719944
0.01766469802657739
0.24369885696493038
0.026492849570071763
0.036158185941990634
0.033275321174226054
0.30916687435587353
0.017560370343909268
0.13132342300203753
0.127607734713778
0.09602625354251146
0.21383700992264437
0.018877453797075713
0.24132467565907678
0.018215425900398336
0.011127982647329934
0.25136160161304527
0.2178857372090836
0.06908004940211623
0.04563324335391496
0.4961551912734287
0.011857030828939404
0.025891722032836243
0.2680980173199908
0.19840372786689306
0.0702731941532161
0.4344652017704562
0.16129927643482478
0.14963240383494425
0.015970961576902518
0.03919883690923425
0.04058791599487695
0.3834779835136185
0.04006144102282706
0.014465639548348385
0.5403258736357059
0.3828085548795475
0.030632322201345364
0.01478106843441719
0.22785317131372526
0.1283036243993466
0.008176683613165411
0.00809690791230382
0.0734006010062042
0.017661727060266735
0.36722636852681284
0.17151879173300466
0.03904800965744691
0.014015945667465848
0.1563319455149606
0.002262091450674183
0.05914123595944585
0.047255775462334455
0.1701412813626267
0.04020362740470444
0.044068244334188274
0.119768510674067
0.014301894387834154
0.02361634144431766
0.008664502562634242
0.014575498634594597
0.08659818212823624
0.05847284833036729
0.006101511236687063
0.013782949087809498
0.4200963912763852
0.07084701907158782
0.05400738926702648
0.20289445545264054
0.022071267574455003
0.1363620390762013
0.2551181503399792
0.011244333972864787
0.5270056727965322
0.14690516150747618
0.019836010853385665
0.011078508265001612
0.1962584954727296
0.13892834119430292
0.0117449282091548
0.28203843203551465
0.35608010717678595
0.1557710530025352
0.05129652792543142
0.03229798194018994
0.03792212400298938
0.028611403108842
0.23242290044755445
0.0492596799444713
0.03308655438332045
0.07154003701362333
0.04555484386264151
0.49319458122676046
0.15217651974558968
0.05176889912186818
0.10488183318760165
0.023492659622951145
0.47127672564198414
0.01607024524035305
0.04849101709650723
0.04108891316644146
0.509542171361192
0.04887114007993141
0.1589326103776883
0.008259101849910237
0.02617964803951186
0.008880324017276542
0.024096836978165715
0.2872783137531856
0.029591361601317423
0.16100946660660015
0.4027112493948724
0.02043867487575408
0.145167670642284
0.11965372059317064
0.4143673842147308
0.3514736441406016
0.037565284884515354
0.19800598777285075
0.021937862681340875
0.07211081777204276
0.06185880931573336
0.22545015049827904
0.15446360464344688
0.2301572725462665
0.027151542310299346
0.014702923245923866
0.007827581326320231
0.271612140090805
0.1707413613599168
0.5228582787671535
0.014675311499549941
0.058697597664946054
0.3346722379734861
0.26510139893084833
0.11963114036116076
0.020961353757687394
0.19383304394298642
0.16905147168835533
0.03957140943664935
0.39221809987769807
0.025644517773639575
0.21802908401535576
0.01773600057040214
0.1809419044254314
0.5315797835455122
0.16769872642032507
0.009409240674768924
0.03344267790256104
0.0641535603752441
0.009093864152495369
0.0879744864756333
0.022740634170426266
0.4324616508560297
0.047534560969785776
0.4049602008054192
0.015052946279317097
0.02356829584266905
0.0385511753806532
0.31690963159698626
0.01712750151876206
0.022356172800508365
0.06847502558723174
0.019907798042488562
0.12223134779779456
0.9800751419989548
0.0206713811554889
0.009707116993804894
0.061631637161859154
0.06614931745522885
0.5537747159716263
0.7377532634501176
0.16708968431155802
0.03277473884927342
0.4825294625555169
0.04642427535902151
0.22806328464762482
0.19735314909234333
0.27049927737079893
0.06938876477206304
0.10320183551057205
0.2565099266814691
0.8249005007367671
0.6427589595066159
0.0704291858367378
0.45825547626651303
0.03160010516843006
0.42803832608594505
0.011949238193246937
0.4434074122062524
0.8100834360161585
0.9680144866273332
0.6265169756532919
0.015362806267235699
0.19427480817571238
0.407209552149122
0.020616049328006657
0.016045307981300685
0.012173509507264871
0.03132676246164926
0.2137866816205251
0.5795747657582105
0.02707793706954959
0.06935093434122098
0.22553229561759736
0.015527740492396512
0.5382498262784436
0.6085694973671908
0.13080686494211102
0.21479542317885741
0.24023138688230145
0.7636291813065744
0.015409566662691844
0.009665964465656773
0.32903223793112235
0.15628118831929447
0.32017122563881867
0.05876513974126062
0.8386159878952996
0.030179591906158355
0.08215322520271683
0.051445917235748574
0.12725176122003953
0.3788863978258319
0.051437731315893236
0.02110931033082412
0.1954031662635986
0.24008166222416952
0.017367879812842674
0.5190017924258208
0.7040402837161808
0.018864552229315393
0.04848503985008787
0.014402647208917738
0.13311915199995886
0.35820325924493646
0.028356449973777533
0.005505105772338935
0.18028982722168102
0.21154892831144656
0.022946745976488676
0.1899088289663544
0.03526981624265219
0.7079084406059932
0.20892307909698754
0.1423578538344974
0.203382210470353
0.042274819249017985
0.015334954964044224
0.024289902506992894
0.04953163351368204
0.14234443796303112
0.008399622007940465
0.051520409344563874
0.010658005589654762
0.1457076728581846
0.1687994100073123
0.5216700025751517
0.015279950815727595
0.025603831071785182
0.005774430529426266
0.3337007573689494
0.03890612946073471
0.19261543495665745
0.1387023846646096
0.010886540897428248
0.32974315385131464
0.029603480966598008
0.21288184355812925
0.008447046840858478
0.13075635729660423
0.13548823577789262
0.5492883657547597
0.24459724823691192
0.5741351580518356
0.04586239713036589
0.492540896382184
0.026825806408967416
0.9396663319553157
0.043079348976268916
0.015919257309473533
0.016124290003644393
0.02395772870217097
0.22108969481280366
0.07185180076167029
0.660898111719028
0.2428385509162231
0.6156052216899414
0.02641054864943689
0.48242864087476206
0.04777722711111026
0.1949579578306892
0.18195376131990515
0.016492402647659367
0.16441866913131128
0.03066890073826024
0.026656315076153948
0.03581010635535392
0.43062896184150373
0.21734846200741545
0.30102240109970807
0.280982804040615
0.1813871720875853
0.2803914763347026
0.014076901535539983
0.23286928817907032
0.022675731505308865
0.13108896892200403
0.039312358366646476
0.005801075133365011
0.1631136595857192
0.1464578857568843
0.5321546135331531
0.26564031888324224
0.12609657952704836
0.020662732282565967
0.3360406253492119
0.01821865951562141
0.9883870885237094
0.021350323355617026
0.01065929374749469
0.1308569345811831
0.0545648686764379
0.027473461512972152
0.3298681427729491
0.6332205119406453
0.006880269813280588
0.01126603000609702
0.5243847147104261
0.20082327304119438
0.03954199056708834
0.02154095868220911
0.10342337533001884
0.011366462066772005
0.12243104444333475
0.21033244107626484
0.019988347417891832
0.046417755561789356
0.0769757386952551
0.054029808052832015
0.23215376935434792
0.21593867096629715
0.028002228957198252
0.24461481649301758
0.012264862352593255
0.7810323374765238
0.03502256615378911
0.1475741552221629
0.09884841599259493
0.1455289363733979
0.2544056317953795
0.4388198447540506
0.010883371969042644
0.06856441448962483
0.033257419345504316
0.36305751781195106
0.187484397229826
0.253515409507051
0.023895576406291977
0.20372547237117625
0.021212835929933106
0.24692947082124156
0.0076513747524443515
0.06560072502777631
0.045175722638386394
0.1737211511833044
0.20255006964783245
0.20375968581221932
0.11253536154737305
0.0776660348661414
0.09293096149157
0.14649604587451168
0.41732004437326947
0.16219058964377012
0.03331195404836426
0.02521998048490286
0.3236579547736601
0.03242397610279093
0.2074938654054202
0.17977842073799205
0.09252724352788136
0.01958938689275806
0.1463817484989134
0.028664569422672866
0.8982669987172984
0.11633150722683354
0.2902010885210737
0.6696233197908794
0.03122382137612922
0.016160210277810647
0.12690982389902195
0.17401773718321423
0.4727467689112349
0.03856311458604574
0.011507623226487329
0.6731657315975296
0.8282393332549445
0.2602332566319976
0.02237927427901337
0.07463376864353125
0.013336094874085214
0.01682903035322822
0.25524936607164234
0.810803890866891
0.1491537141246986
0.0167290526763661
0.20932723467933778
0.18034070657815088
0.21740116514279725
0.04379425562098698
0.22306664881857374
0.036655142555485756
0.02783447066875879
0.02412600309701849
0.748091273715866
0.24233622308249053
0.2953358635198944
0.007614779275043555
0.41751798826831715
0.14589834240763672
0.02859977450701634
0.4134994880211478
0.13150073247281557
0.7325809827626569
0.006782365058463785
0.2881852230207267
0.3206515032746059
0.05136802879371822
0.6403590214945913
0.5796009287221988
0.32598937215250345
0.22662572631218209
0.22023793040342707
0.18335290068667323
0.17173591347933223
0.6235335483580352
0.0314587171159099
0.23269809850214448
0.23684595010465664
0.6077035266760104
0.31249752198117703
0.15103824831703838
0.02944483219747402
0.0639650547054022
0.017518484130896184
0.4021255547059687
0.08899715458329603
0.3881897614054824
0.44858450930976235
0.23613703436016414
0.2865243622447209
0.25116082750871926
0.029685738430794507
0.37795438065827525
0.2603570435525364
0.3577711396970763
0.15490583829735283
0.47830551162127755
0.8206252366291317
0.0193665492990496
0.782038170460672
0.1862353530637228
0.08997588805078457
0.2201695174525826
0.07116948920995816
0.24491511621344236
0.4585583309045791
0.2871825908350756
0.159897275922951
0.28000716568576217
0.30912958011498304
0.23312764109603074
0.3504771038288772
0.14096369525270644
0.18932937492455235
0.29333908039591844
0.39370864534032246
0.38375161387536916
0.2666169551974824
0.19635915790325043
0.26767750819487196
0.1814301648574241
0.23237043342703098
0.6175618445940486
0.38696826470900686
0.25117609293675547
0.1755067237692959
0.17487592977001645
0.7874858649566653
0.1412198063519345
0.014031210672395109
0.2873542084070954
0.2760504944287538
0.6110213451792291
0.031301494042316635
0.011834679852371846
0.038802841748895894
0.19888505873896573
0.21076787683124423
0.012410679358696946
0.007353387655262077
0.06469167971979743
0.18280683791985503
0.13026936352189694
0.07244718226661229
0.0036490289988883834
0.25488776990348194
0.2074468033626375
0.008403155686870544
0.02250704685758846
0.2067504495384788
0.13609325889761034
0.020483785587135938
0.23896461273048114
0.030334819117372364
0.163055194522952
0.39529532330818334
0.5094037438865044
0.4589069022369126
0.028657461002725544
0.2088970363193227
0.18228711694370403
0.009585852091585845
0.21408977233333587
0.2791897547058057
0.014427651251814909
0.019515380390350195
0.1589372796017472
