0.007377288718218195
0.19553063190421668
0.012892778065096287
0.2549681233974575
0.03933939655828362
0.008777050712755974
0.04195411744047174
0.5545981918458509
0.015465355121631837
0.04380795277983023
0.14105660555226007
0.016060089900497364
0.013920574512291017
0.07486810363659137
0.006309560769238288
0.08234019801467737
0.10957112842211601
0.5762639173965362
0.2604281243163434
0.07922141639604525
0.004969562673592653
0.1831622658475478
0.008788804837935277
0.03415660420196795
0.23965945823806362
0.06552902324572085
0.18665957762897947
0.11535177709861259
0.10887731773632735
0.022636959180434093
0.17245857938134332
0.055421754087132874
0.9787689654527675
0.06074341917636741
0.028227834706938952
0.22900127021137281
0.03400306445459586
0.14070490996358495
0.005396113463678778
0.0053720356941563034
0.2636517957360719
0.08103235376414519
0.024819599030133182
0.14816185506059723
0.12780634441847746
0.016964432475220576
0.47598769669139296
0.9386507971806253
0.011601940420629162
0.0017725008800357023
0.07748020569557959
0.0746632841283325
0.18193912059020734
0.3081432199957322
0.024497103160398874
0.003924388778017262
0.0063075916203187915
0.9979782990263243
0.015199875286502936
0.029046269882102432
0.019130254069405776
0.1472767106124033
0.5346634386954323
0.10674081465281778
0.6376509842490098
0.03232799895555377
0.33030975885003044
0.18279088386389097
0.38668698068361207
0.9022975816682897
0.1651223276287193
0.028824037124004446
0.010472438894476755
0.02380314415588246
0.08306008466929832
0.010569991252836173
0.10073245681449448
0.0057376140887870795
0.015689482330042748
0.44654332558966225
0.003972090291777005
0.0018999172539592014
0.18412142030553516
0.05499630895035345
0.1822439802909296
0.09318860626496535
0.028493191146398547
0.04557410912486678
0.06315119020684015
0.0170143651940329
0.01309671295007185
0.08097803146369892
0.25184282714387296
0.029136960802793883
0.00041273692273323354
0.25893514673016255
0.390030762650667
0.8421262902671057
0.013298078296809361
0.05779418742371653
0.03363775448979808
0.11417859618036172
0.02438207799845307
0.0343910755172182
0.01770938207338852
0.13597297565253913
0.06105837322903673
0.5909856983117601
0.026712837508204235
0.6279726784333441
0.19569021546086537
0.017862364969653002
0.20560460872461012
0.06618097843918529
0.13530026062868314
0.8157185390437489
0.005600394069825119
0.44343345300757103
0.030398386540086336
0.08532598137621869
0.11580269277500949
0.041849130408820254
0.035857980191094284
0.002967728449207433
0.0680760238495931
0.027503023787076423
0.020997902320794216
0.010758093094961535
0.07653250879349839
0.006025168374105033
0.18390399987273315
0.01450755879495688
0.0017694850444594928
0.03697744639808561
0.2646393416319475
0.6751989042763207
0.12523425208193298
0.9650543819208359
0.0020600744459067038
0.008162476193372542
0.10017232949324871
0.28134356927702336
0.022845871271970228
0.20799697717743493
0.014451759121831793
0.0030001708367825525
0.004027857054537252
0.0036155548046903348
0.017460876863436916
0.09105384321508647
0.01260404078102273
0.015195453648508415
0.02176337316115734
0.014745702765108655
0.02312677942186394
0.09643786151277464
0.0016774328675238522
0.013735872064196372
0.5060375602992987
0.30461310106147965
0.0563490318633584
0.05309515946193263
0.40333072401790554
0.011023714970041102
0.01790693076897233
0.005930310951813512
0.08183187908511742
0.01729562880061312
0.014262352485269282
0.05920432887045884
0.01722775772995915
0.294351395871139
0.013756450869847631
0.3260072933964764
0.005183635034899278
0.22203263836042217
0.034822575767874876
0.009670631079204062
0.002018124773916931
0.029738071673742372
0.03889777926404856
0.013466226103722338
0.007599365783001678
0.1519566030142875
0.10557743778073994
0.1760420837120683
0.6122445189242686
0.007496096952162026
0.6231284946476545
0.31647056675590723
0.3224482453862042
0.03220075366935742
0.02298980443241712
0.004657529241229498
0.39291837578544664
0.12312481651718885
0.00923313790792447
0.07208263056820137
0.14463316633304787
0.06392363559649476
0.0054665318848032
0.1981468378099434
0.01803772181145441
0.0027150817302971425
0.13337813535472087
0.015296638268597808
0.9091725172001354
0.07112980101649519
0.30042667080395863
0.013632415595919335
0.05033526094067023
0.0974280095946727
0.04602840849070593
0.0181247514284339
0.06601293152068469
0.031088081957006027
0.4166055562352729
0.03771033120827344
0.30560283048734366
0.04710060394991188
0.0018990362288756168
0.2520731570914281
0.8193280814209031
0.3413228636740521
0.27660491217232996
0.11252489605019575
0.003228049979574002
0.014984088562010714
0.05289446484058288
0.2356784372555492
0.027054597251181176
0.017560835370111428
0.0035506015458351753
0.019889344148673826
0.33692095319460263
0.30185009103680654
0.0009138821984961182
0.0755886983442593
0.017523858032390732
0.031204592380311095
0.04771188695921594
0.00569147643503534
0.831491551407909
0.006432297589031346
0.06827022878226688
0.012677234242331213
0.005037818364006522
0.048809080738472045
0.016793554934334855
0.0060799716436172255
0.06761630127929727
0.1274065647507433
0.016431690497884014
0.017656950965430754
0.2809109354842667
0.012507591853223447
0.17326165855832945
0.029460191493250947
0.12073083717374268
0.014952484036097391
0.05231267803055246
0.32613442254059716
0.023315729168156288
0.2475040005736837
0.011039570985889815
0.23884332283568405
0.11844534498246687
0.00968455560709641
0.1899687615443439
0.34668508196466713
0.10645951033087091
0.015246451543035886
0.36455503767532155
0.7935938924037388
0.00249846659794765
0.2990525382046966
0.007016263878037917
0.10010317474236063
0.04681849208012456
0.013925272789187338
0.011421575109442757
0.02225419554594846
0.006281765624321592
0.13383375160664004
0.08150031157209994
0.025310704359755472
0.02291366133059906
0.2757544263151185
0.03480046467350279
0.00690494609243402
0.25531959609030724
0.008275506399995431
0.010218597130710756
0.3006227510002307
0.014809620370137938
0.18226813199863381
0.0055434477459083194
0.016706577526941404
0.11550421174476251
0.05355923295124836
0.2931952677557435
0.020955456236407183
0.0319241842473987
0.014715492347043597
0.042723283438942765
0.04261854268342863
0.4321913932841194
0.18937794544793726
0.014840891511389212
0.3490601553206385
0.9154077638855747
0.019006700863002924
0.0028210808706647748
0.3718782824745005
0.026360327532684094
0.006779399392576957
0.227396768779208
0.22081902989942045
0.669934877323871
0.017185334311218214
0.9801944200276672
0.017720948280730942
0.010029300307650032
0.0831077068529074
0.017877472437507185
0.22195175315338386
0.004102685495787114
0.07138729712501296
0.0098811817521592
0.011535452071000945
0.23743299478406094
0.07574513803996065
0.18531528149013796
0.2406222466566193
0.019274062969455656
0.005747004599138826
0.013185557840891112
0.002651945681743482
0.14205795340659302
0.10203720378651156
0.09519730876351835
0.9423041895456803
0.07538699354509489
0.01736020082502668
0.006729620286140158
0.062468686133153095
0.46695437652444416
0.6240280193825063
0.9069248287921416
0.004610682700696954
0.2149492634753876
0.0044068068524472336
0.07492955550431116
0.23114214893411342
0.18565620000001895
0.34960993417025565
0.05206847017921089
0.07222196858695208
0.43748619724579035
0.009118612800829519
0.009956766699077187
0.17101034388953387
0.004523325842867249
0.1365278705588309
0.021232778163938374
0.005447001483851974
0.009748825690457581
0.9760450632915265
0.007007244175964177
0.9027721578648296
0.0011866346651517887
0.012623152785656143
0.23699347562171788
0.0016135854570155368
0.02234287001514081
0.009130715751515807
0.033041482484970325
0.16994427906334372
0.03335293096086061
0.7784291307325458
0.01018772975566126
0.009060137916189117
0.006188604482689845
0.011243597880386516
0.023462869879204828
0.0177381314996498
0.012101715313977806
0.2013711544422186
0.30293564870820106
0.046989803910991605
0.12942418916556336
0.14564291133099008
0.021635107002175663
0.10651333872369556
0.006025009942762733
0.08437536834044777
0.007476542897960582
0.24356576534902186
0.16044706608241138
0.041323644725932925
0.06063057976397711
0.04902117085757197
0.011964917500052522
0.042198800112703765
0.005255948119018006
0.008076842046605817
0.16275651319479217
0.9774110912479654
0.08326713875512541
0.43262911330815007
0.9568943312590081
0.483767934480593
0.2078600608095783
0.5343894207981543
0.002961452067726988
0.03712995654583707
0.014840936295775852
0.48192373625824103
0.10080808951883871
0.16094420649981028
0.012955693195655
0.19334661380249907
0.8250179090282034
0.34331911642642354
0.022939457137433894
0.19043597876994436
0.015881627168666708
0.009787675822292771
0.021947852533978338
0.0943250507685576
0.008822924922878183
0.3402811646956981
0.07467603442960255
0.7470651744114696
0.052732337735695946
0.3105016246574321
0.012638395738548958
0.0045656713142311865
0.11182905089895268
0.03869311918498337
0.006841370412216919
0.01967890115044891
0.6342439830631934
0.01198642566784176
0.04522797323208571
0.13800653002952895
0.22445740313716245
0.2635068908295876
0.004083318161803546
0.3322623709566143
0.007447142391621478
0.003362798395395125
0.16213455531748688
0.31867217380720353
0.04329584196355668
0.01506843788397077
0.7867100093519772
0.0056614850335823565
0.015548307972422121
0.26456906586453893
0.1200574148155732
0.02654268574174677
0.09330253901072279
0.1469601864024296
0.06002712185005766
0.0008675948941731665
0.03497513047857985
0.05445619525517651
0.07462868630670119
0.08712445388673558
0.005810570211985191
0.35727894376798686
0.7820332658086591
0.016732206587337088
0.008904765558541713
0.2644301412302169
0.12462564547561264
0.0024187823899477824
0.00239180024192683
0.048659825755856895
0.000737795741845804
0.45743005599089104
0.24586709532279982
0.01378130357079563
0.013758151696878353
0.05210878125632192
0.0021360969363242964
0.046673803597265404
0.0621716533028659
0.11268986993160465
0.06660521139126357
0.031241058582019116
0.038641645047009614
0.03665805722879431
0.003264218492727209
0.004394458626115832
0.018009158303531714
0.18809924910258835
0.09101133574855041
0.0015503915008967324
0.02078940857628721
0.5093590230149881
0.0211263945604801
0.04552020748121469
0.385942848280109
0.009113545767712387
0.03008928440882852
0.6052832476016926
0.019502407944837232
0.8557526479802896
0.15355194721058804
0.017741258498901166
0.009996555262650008
0.2368102472466245
0.22847131402300572
0.018509037601065204
0.5003097931636777
0.46586938805171213
0.3603650606945165
0.03280734040145657
0.005583243084448276
0.022887794136873058
0.021489456947507698
0.11766826044550802
0.10734334738810324
0.03723351673211636
0.06698074328495772
0.04290780501514559
0.8923550041363819
0.0658388345708319
0.20381863861350613
0.01599394914317999
0.012386932986928337
0.8317485394757578
0.005088855658101272
0.023890240462408695
0.044269965747529866
0.5212831685751871
0.04611312047315383
0.08542703660207118
0.023871280917637707
0.0223896471847609
0.009143843197209444
0.014742565055652856
0.46622583094316106
0.08046669876525644
0.2423176573764128
0.8612796315757966
0.028369298485833274
0.07605960870986321
0.11889471497096349
0.5039897737630393
0.41858936078286074
0.20653705138942838
0.02241415410267195
0.02844137305899793
0.04473148709349132
0.14274247518531286
0.293143644279865
0.20034686870849275
0.3178705965347405
0.06118419834008505
0.012954504245452886
0.0012868820452130712
0.365704676072756
0.08962339710943247
0.9107938077250807
0.00396888246552769
0.022236991630847403
0.28460565370331803
0.2753936522212774
0.04638212902224074
0.23831081464028647
0.14873201651540113
0.12756108028205196
0.015535877103259457
0.4218670054447378
0.033293921196612494
0.16866650753458629
0.0037796260570404578
0.023288879807292846
0.6436062572561656
0.6091400198707949
0.0028852581484841064
0.0032182987243928175
0.08074765944478315
0.0063128675882391915
0.11563420531750114
0.011615364072166918
0.5821027414576903
0.04768030696765069
0.05515953822037657
0.036057675009926606
0.023773118635005
0.09693222954485264
0.1134943876348924
0.006607454372680366
0.026569410020720222
0.16581764297049276
0.0371010189529257
0.050132424501900384
0.9804950540198725
0.011662515218099506
0.031333834648428524
0.11701892944957783
0.17578971034246915
0.793862165421746
0.8463848539997385
0.1131767502632241
0.022658643394778487
0.5331770527529924
0.07019726172381097
0.6425892004413085
0.41990509457256975
0.2061299607187055
0.10469917215567205
0.03102155604962179
0.13058813656650162
0.9168313689585433
0.6197836596203622
0.13922019126601726
0.17506871869574125
0.013696066107686438
0.9108903078287296
0.0022277573438926972
0.4045277274536452
0.8524861822428764
0.85900431900263
0.7694677444669875
0.01613056869646872
0.2388334951531227
0.7630038754126713
0.005001833353027445
0.05788952184414559
0.006743584993106385
0.09148894864523796
0.2681954814840899
0.7791079198281121
0.016824711541922995
0.03821028114343627
0.19242284011697627
0.008254317269668578
0.5072551885828891
0.4762153220087384
0.04402028332029822
0.2449851024368777
0.40584327070687115
0.5761579814576302
0.008088028970226474
0.002146273509631585
0.647014093921144
0.05402131028579082
0.07017678759082248
0.2633183037087056
0.8776779536416671
0.06726685741267495
0.25355405528043556
0.09472974913268639
0.10502222836530808
0.11205501968992186
0.050225284414950506
0.03683697774413122
0.1124179580712504
0.26704385835907746
0.013283546435390708
0.6269218873582254
0.8136995365531803
0.005759822464475964
0.008661182802468184
0.007663281684649018
0.050275525228928954
0.9223015742981401
0.01772386097125205
0.0030132848502081246
0.08694204360717175
0.14383585507228785
0.017670619121787537
0.10795927016587391
0.050373391452300104
0.779142175139285
0.045956383473383475
0.5260709145500321
0.47533625662814927
0.04926312836112282
0.0059607299016157834
0.011190732316818528
0.09510727122254356
0.1085051659438826
0.0015387308516283764
0.012170929359019304
0.006430353501946239
0.1977238744655645
0.04997625956434393
0.7801028378143238
0.03676431861096093
0.023244115306114293
0.002798284065318728
0.4045014487709453
0.031218004631493813
0.1996440433410566
0.041590296314935875
0.010797345526116714
0.2843167785080735
0.013242558577908283
0.3961663392283974
0.005133706462152867
0.024822696633355183
0.577574402289471
0.6989328474651553
0.14334108311291419
0.46853646088693224
0.09075998283791684
0.7672596637933792
0.026337698904779234
0.9168068035265986
0.025945443641267055
0.009198713593550376
0.018683594334222835
0.010362689853788003
0.2943199447070088
0.04915287078536409
0.9077944727963294
0.3344061317945405
0.5585733537467147
0.032394058545833986
0.5928002688554361
0.15978615137500335
0.20534305330570798
0.3112170792815167
0.0020046524784478885
0.08939782711021575
0.054840503709577264
0.056128713993165796
0.05007366106358209
0.5954062771763616
0.05318290090683366
0.07136596497140175
0.3555869015624774
0.1442162940195102
0.527759161163943
0.01590737751166057
0.3585758522780499
0.02354269090445174
0.11871180977391504
0.004828371368689979
0.04124988133777638
0.3630441207156642
0.3763049858285131
0.4858340869205309
0.1781542555537735
0.11263745583034175
0.009495513852728248
0.41204617927277837
0.02635350034310214
0.9884086348240244
0.015057597240519333
0.016992374316054923
0.23267135538437594
0.020738128724574832
0.0205032771695706
0.07525467167888458
0.5287976265415556
0.03372688511866685
0.006417509152432773
0.7575897961476742
0.23677577965478305
0.054803427650498726
0.009160904092857542
0.1879766148646989
0.015270118497942482
0.07866602613424621
0.07485817883505047
0.01270063585446722
0.0557194831125142
0.009601182616125267
0.11466733039255529
0.3985149256913027
0.19926671602521828
0.013933466060784312
0.1519984876943956
0.002674348795104245
0.9871118613034041
0.009116079775484705
0.3547788972215334
0.26371203281378647
0.06796449470116646
0.02546927411997745
0.7424413029989957
0.005385463550806615
0.060052082805967834
0.006399341008241953
0.056020642527774354
0.08635937100926076
0.1494558108101835
0.036337661831116606
0.43243692075193263
0.0581864711666005
0.8034840104403845
0.0011212441776313666
0.019640549567489767
0.02295195667645562
0.03183441276849192
0.11079657210496285
0.15035211871303783
0.07066811298006656
0.06067387230144951
0.2648850828747654
0.07323787509819332
0.08857335211936604
0.03638417708668634
0.04174778052723894
0.017015401062994606
0.11655290612637313
0.07598347095918677
0.3785813372132018
0.13885406548763982
0.07705093938184786
0.03271139787521318
0.016503576894454013
0.01894837020669728
0.9331439458790468
0.30865642446067965
0.4425784685145705
0.7343279353819703
0.03242474294908331
0.005436557320881077
0.412828646082298
0.04335137449206996
0.20520791597066443
0.04105461926152084
0.006864141098489322
0.9549423128456597
0.9095165973935402
0.5439241377847491
0.013930007635965993
0.031820511444965095
0.005737617047917384
0.003584840821114053
0.05273584664755188
0.7860531089411003
0.07165080688072771
0.04251047242837054
0.293739582686769
0.13425857810630748
0.421566898140564
0.0309701373144565
0.594390325840515
0.0291678737591562
0.02090485642235807
0.0187988537004088
0.6913616054020683
0.0792108282137548
0.23483064954667662
0.003619741402121653
0.5189674693038576
0.19700068139681945
0.03679814946446762
0.16472390145780985
0.04058239692470931
0.9679295892143667
0.0006742308034901959
0.21746253512620278
0.2917361681348458
0.10042381199397647
0.9544472447102081
0.7087936775390317
0.4498565852333081
0.03276500594353638
0.3339769124793248
0.04016069646882682
0.236953643206117
0.3852344714616611
0.0290757130004586
0.05919723089083628
0.18936608824298717
0.4790860528748572
0.2396241768523744
0.12778950255636373
0.08261522286741059
0.14191198256826482
0.02278177266348181
0.22574557652951166
0.07288809414961599
0.7887664644368794
0.28314169569906045
0.036501330124080744
0.07469279801738893
0.16784495943570857
0.045995160227462105
0.22263116005615824
0.22180145215911637
0.7561465669916698
0.02900195148964038
0.8049969221988893
0.5105035352946831
0.008802661466811995
0.726047880215257
0.09070728903541693
0.00960077503483572
0.11490733169829104
0.16842651247920973
0.2073196392549097
0.14370047961958152
0.09036440502403251
0.05335760734433662
0.4332274078281127
0.06914707361678267
0.11734705640824587
0.1438901878832309
0.152367283935914
0.1910162455343359
0.4431191449478459
0.7306017964303222
0.08023706109394443
0.1603668105108577
0.14038246444447722
0.3392579230385241
0.10383896364445369
0.10827672637924766
0.3872499089373865
0.09472470033332198
0.12822642384384872
0.4187437891363054
0.22838750744156955
0.8766968421380283
0.2891517628304945
0.005116647962731847
0.49609159971811406
0.21485744251495947
0.6054681824514706
0.023127116920711822
0.03433350333982777
0.1043017912981379
0.11175685796878353
0.1643581015822889
0.011191653550931529
0.0007378463724017775
0.013594790485264227
0.017437416623092537
0.2698603516969683
0.35771395364642633
0.00043755453966653134
0.19038601892953963
0.05654662854642933
0.022645517862136064
0.00873628940850221
0.26295990088299986
0.042847067710776864
0.015805924868268244
0.04360886267701629
0.017710842316475583
0.10340265099519284
0.9503559512318046
0.34535636912699497
0.6675890160829592
0.0663949890482548
0.6067966978077393
0.23715832258887762
0.0009510935710131323
0.25750888602478994
0.5906368041628799
0.010216327868444345
0.009481125103690745
0.17618393788282027
