0.005794708058118666
0.09529970115019894
0.015695537483590167
0.22002462927082916
0.014285901515926283
0.004176339127719835
0.05547066198858311
0.47748856026401854
0.018307598645341074
0.0453876828866191
0.07368599946082263
0.013250975597525767
0.0162264064819454
0.08478910592362232
0.006718562598690666
0.06509580715506799
0.1698117583354712
0.7250168682652349
0.23260452068553852
0.20573790503561298
0.003466342708977057
0.11902968411216217
0.006988525913611716
0.04212963235035726
0.5507835714249036
0.09755499167873782
0.1840257435768118
0.10551422403918173
0.03925329561809412
0.016511028584428513
0.06271433892149218
0.08684394487683286
0.9973580542068369
0.0492926722422225
0.006002155513419079
0.18012157368423723
0.02141276983390632
0.09943424840124261
0.004741666405965383
0.0025433963384348473
0.13464641964942273
0.09701980549314723
0.010179924171239424
0.25899588653596517
0.06360277082068937
0.0031688494468812183
0.5329503988748603
0.8904283041361895
0.008484845170901176
0.0011646086283172317
0.08587008933353651
0.09933603383921902
0.06857319346321543
0.3349313621939782
0.03145636993825022
0.0026919481502821444
0.00742314940151904
0.9996876781961991
0.012493020300656832
0.055646096707624035
0.01887208634552421
0.29107024836285145
0.8032200148125651
0.033346851783749396
0.530441370265047
0.03851850380999652
0.2509718178690494
0.5597891058585931
0.5866908462381581
0.9756861425203651
0.062028734673674236
0.035185177196499724
0.014842075907474614
0.01072074339663073
0.19154044284811242
0.011004615183763429
0.06664043659518684
0.007860272014706121
0.015329427952892292
0.26594536342739705
0.002493249088282442
0.00047573077354192604
0.22132040653239737
0.0853369399449815
0.10266220527078994
0.03640212165574628
0.03745641047444535
0.04216920380440426
0.07072558235056953
0.016795264309451777
0.011206603193341456
0.06961292251948793
0.4307241782137691
0.016983047269594497
0.00016838946869932316
0.5157347442998322
0.4460139015993957
0.8952918915299052
0.012568961006559971
0.04852749990447544
0.016041563802021774
0.2513549151044536
0.018536191021620966
0.01703641976885905
0.02096417098708348
0.4100003294212463
0.1148927658081468
0.8643471094977861
0.044184533658158276
0.8294946439474548
0.24838494180180798
0.010283573915798871
0.3466001617947037
0.08209566773829359
0.33559957394469925
0.9498941774897038
0.002085641694040222
0.5563249832167042
0.01788368617427906
0.1964915212012779
0.0926096831016297
0.08214771108978643
0.018192442751983628
0.0016218882395917203
0.07295816324540715
0.009306942731923142
0.012183739192601597
0.010322605409775013
0.1250422671442224
0.004595536367542472
0.3664454348953565
0.02142704937630437
0.0017167312889965246
0.06809179235279378
0.22028034862051465
0.5004553291886833
0.021248136748828098
0.9979286268481216
0.0013845855758268836
0.006339485048190658
0.09356898634998954
0.2629497185452098
0.019918475792405462
0.46924079309765904
0.010155570200989726
0.002258157941146015
0.0007098247640888555
0.004247289060204155
0.02822910790876305
0.08036452524995236
0.008431038324497174
0.012897317054435873
0.01805824649362674
0.008573659165204335
0.022740579956137565
0.29981913254460385
0.0002508622088161407
0.005004570139548085
0.585201455577864
0.1474469970088294
0.014000873441693758
0.059369949900774835
0.43411297394226617
0.008586675876003216
0.018350645886134657
0.005527163139115784
0.09213546831259474
0.005647644727818265
0.010055245341502499
0.095023665977609
0.009274795795283942
0.44527288262299264
0.008707703547065782
0.2656922428825704
0.004193610718995892
0.17735345646125036
0.04829674322197368
0.01904036202592854
0.0011020713846362571
0.009429425118716413
0.029741170711851516
0.02118818740031405
0.005287025136115805
0.18306339466038282
0.11959319410663606
0.22498309595852467
0.7683634968253339
0.004382507887445098
0.7017997901071072
0.3570807546381136
0.40019939613302263
0.01939865873203329
0.012940380238746607
0.008896127364968922
0.5767934379526133
0.0690527186614413
0.002872445071534277
0.03656477587414139
0.1833581781396318
0.03237444486513996
0.0018926851035970184
0.19842462517192824
0.007667371444507719
0.001028582467594635
0.21887756578481093
0.00846148061117811
0.9981926038792207
0.02878511504201422
0.3102110775446095
0.018015957092781705
0.031165980435168307
0.10037243179244668
0.10317436535488228
0.010355821226440732
0.02087961521711687
0.04104726336124124
0.7147090920478076
0.018347791501510943
0.5737312034428738
0.047421331846612444
0.0008350721420455033
0.5174078782177778
0.8904036573111639
0.5513907398363149
0.656233594747182
0.3191007211603317
0.001854371832933786
0.014946058380662224
0.027006758295812013
0.25839032799137884
0.01976280723298081
0.03023421677912467
0.0013591650367058587
0.009828187850504003
0.6913597497334529
0.6911935286045793
0.00020392894665029386
0.03565484797486365
0.011934165850897394
0.06700514596630155
0.09587818059372354
0.005599838086025643
0.9413565675242863
0.0031991485827025205
0.09666565335105418
0.005636944803653264
0.01612234242787535
0.014458350760409971
0.0064578632237523885
0.004009644832796304
0.07311993799750025
0.12846157086910576
0.009917497286086074
0.0143277702135801
0.39287508917566755
0.005949102062407725
0.23996910128065393
0.08736260475775658
0.08827307923690413
0.009031285994719675
0.02054998962127127
0.2125350947050323
0.004861710254484417
0.4646486298669886
0.006549517742028936
0.21314352366193462
0.010794583199907011
0.012699150889273472
0.17245162051402804
0.47208969816276586
0.1166287825015426
0.001463878044951508
0.5045126232459554
0.9061996990308215
0.000549453251377465
0.6407300513876026
0.003536144458911108
0.12521225474843997
0.07808570428465919
0.03113846278776929
0.036642119129655225
0.007222549900843555
0.0032329555352420014
0.08386679951258681
0.1057916337645578
0.043753713538200366
0.037620258356185245
0.23302811166362508
0.08144968811226821
0.00412466998870714
0.5586621541253368
0.004208200306793361
0.005776950623987938
0.15475214490366104
0.020427378098290257
0.1399219826053306
0.0029033003916210014
0.012365278547556577
0.23201520856844127
0.04106998219838607
0.34744418761907875
0.0360832531694418
0.02103355488993846
0.014822403130687117
0.02611284024856991
0.03950770523165137
0.44180665879219094
0.38229768323853
0.033656600423802814
0.43016556390645777
0.9560032198390127
0.0455487822480817
0.0019408422935449387
0.25519993041013667
0.0066399717763938135
0.0035640592471382253
0.24716402201505058
0.1854330118729374
0.8677448003583692
0.025409793094636157
0.9914465754723512
0.03919365349901434
0.00473556526268067
0.04835374194757617
0.037416467885446725
0.3488170360451125
0.003185259642262241
0.12286609880834855
0.00919787016560641
0.012699041999700312
0.3337654906617718
0.11656530443201779
0.06556651694692449
0.40936509592094944
0.012415061399736846
0.0034994940141820454
0.01832656942718764
0.0011810687269262952
0.3509766837392287
0.036792405579157236
0.043381868817245324
0.9630719042143937
0.06262916957211556
0.01600873297305679
0.0040419864241997665
0.034033179751996524
0.4954363254582753
0.8984581434772734
0.954675509977626
0.004661555878354593
0.21258511144817127
0.002479346825487336
0.2031364860633887
0.18437247350164213
0.14473665692419185
0.3416979208095717
0.016238441918540007
0.027795787346093986
0.39345470079715206
0.0019958859090698972
0.006544912252788632
0.16570784826232382
0.007353361013531019
0.13653387035886197
0.015537805630120782
0.0017605976136739622
0.022847023324079153
0.9954517164044595
0.007043536118541037
0.9661317057502372
0.0006430057882465632
0.0038510224451221474
0.2153580636154345
0.00038084855574122857
0.03827068603223937
0.006471657015685718
0.019522214944688043
0.49143587567480207
0.009289405170367897
0.7494759518364018
0.004513178395669417
0.0025754168981804606
0.005202933863497193
0.0060045006315827
0.06856139772358404
0.025307500150029586
0.011354720630944117
0.3967388694453757
0.22823603259541572
0.018510899667583944
0.05912287977026765
0.11500978188437375
0.021496327191127027
0.0476960382481649
0.003589878282140753
0.04384570316302651
0.005667184070568469
0.42107780917967463
0.05862604877369404
0.02335725493332935
0.03390780668819869
0.041982637289923026
0.02215629982467948
0.010626170649572934
0.0025614823284546015
0.002874227708735665
0.1827787879208155
0.9806538857968714
0.09006227698354972
0.7197795567701943
0.8133803167078589
0.34950123481811557
0.11382364696757606
0.3025663034565405
0.0009651782964812998
0.05577041625442193
0.00826608354659932
0.23891004946516606
0.29163356251758427
0.13901176604171606
0.005696627968748767
0.19087749688896516
0.7589206742098001
0.5775634390623663
0.035824103051416006
0.6734831383843647
0.004163339331971844
0.00695415017656361
0.017099018781458364
0.06439999825193134
0.00825901272797507
0.4866862856742043
0.037597318569558974
0.7188892325065692
0.03701971348122801
0.285601872792159
0.008391459136973813
0.0011268748057632033
0.08408371835992891
0.09739078962773347
0.001730408009921945
0.011335242688526582
0.830785029075497
0.009524407583683192
0.032426055719007946
0.23963608661526958
0.4293557155437194
0.40044989276135473
0.0019126581148786216
0.295405267185915
0.006995427145612423
0.001410842575743171
0.1847815724976756
0.19765158424168858
0.026912326991644437
0.0034910412571802656
0.9740557763193957
0.00470788602805447
0.0237728443157433
0.20195918302498878
0.0706965337746747
0.02029684965577651
0.014010012744528226
0.1759707402409154
0.02824910654425608
0.00017618978284243385
0.022646272648971143
0.04710327573492341
0.03406163255789114
0.1666780942146019
0.0020452497136210163
0.3817764951051295
0.9090512507572908
0.01086027356245688
0.012636634619960698
0.32439508306119785
0.17537495659099095
0.0021114223691219448
0.0016284408608450236
0.020556252326772193
0.0001577947737764094
0.6685967753434873
0.10489912143271693
0.008487227641850347
0.023828523652029764
0.006121915968811239
0.0012720312561530969
0.0334102937328288
0.16064950806583553
0.12752932120210717
0.0812284353747152
0.013953033855127804
0.009049616418582977
0.036268850309098544
0.0009422712313437825
0.0037379717477060994
0.01695644512994693
0.27712289171691395
0.15173102660123144
0.0008027608460377835
0.0328872049415703
0.4783657548302569
0.009846685817301259
0.03676370848125499
0.6733495125926197
0.006807692203227156
0.018349411901021774
0.721433382055539
0.016580336583662605
0.9374792758911022
0.13357621953384188
0.0073893769385779216
0.0156893908495474
0.2884834322064122
0.23286587611838205
0.008976181571673547
0.6639135664004667
0.32422440275922776
0.31563477186142147
0.016682953737511438
0.0024645992930355095
0.012069413714113098
0.025499559096343195
0.05860423816982591
0.09969448056940455
0.12373562234478289
0.09330290826667585
0.022563863644357793
0.9353882036873457
0.04622159125806573
0.23351879680793097
0.007354709406685146
0.009241212972574834
0.9551943934743645
0.00799377379162146
0.019614920163718238
0.02908696355652113
0.3540746168322118
0.0749501872482364
0.05355000633931356
0.06876820157950703
0.02029195221414638
0.009140994005854169
0.008367859715829247
0.5249158466147995
0.1589861215522453
0.17202638553274374
0.956076920967868
0.018833031138085928
0.024036066592359698
0.1310435686636341
0.40152120652256773
0.5614647346671519
0.32122962404957256
0.006804512806820205
0.035895592518720154
0.018303157233245333
0.288160870843279
0.23706195001798944
0.15506418503274774
0.3082088660224634
0.0799820387300686
0.027676640954899343
0.0007505665195632095
0.21757746261350194
0.178133930342692
0.9625112284122626
0.0035763488838019652
0.046382513358609344
0.22959156425866098
0.29533294151486644
0.03524786945825924
0.5738019732380715
0.19839055308756867
0.07503391670261654
0.02380732052778697
0.4247288475102394
0.047998748276740735
0.15231071011814645
0.0024563782977897785
0.0073923461264363685
0.8041165708653549
0.8925599872769839
0.0002881204708813461
0.004379253310471035
0.11053103219659498
0.002868949185801663
0.07723273452851658
0.005402879759866839
0.7064512745048245
0.1512391561823564
0.016839442659006932
0.12511411638295172
0.03660968158927023
0.07507435535134818
0.12229372618181929
0.00446953884045481
0.07369144819746946
0.13064430422553208
0.04982383496040271
0.033951826937099826
0.9924150679598275
0.013086491731064583
0.047295569593304713
0.23174935311016923
0.3360274701829588
0.746009907058171
0.8768265130600373
0.07364283611710232
0.03269378120354374
0.6911813014511163
0.09830992536070839
0.8183587829143616
0.8055890857147414
0.36437127147700443
0.09541832389500132
0.01035391885628031
0.08272973348753958
0.8663698045871518
0.5192960816983964
0.27482002275690054
0.040957431586819006
0.005151362755081344
0.9408985581330865
0.0013957963599602182
0.2961728451771494
0.9304071969026003
0.6336492676474954
0.5467181741085703
0.02258295614577216
0.570147605551652
0.7710295357521985
0.004494870475813148
0.1028008893879786
0.016473455920888655
0.09294029904386068
0.316182240128111
0.7148345326736815
0.009638870962217402
0.032671878070861894
0.24226375397012131
0.005684418939643291
0.2092263889566044
0.351857310665505
0.027982783362301287
0.29031426978413055
0.5597303987049899
0.661717624929305
0.006750289049315294
0.000594035769960055
0.624081918723122
0.02586632999074888
0.0788518551973579
0.5739059975847599
0.763139138026468
0.23167581707846527
0.721231355949094
0.2166497823607321
0.16412127616604236
0.023143340280933854
0.032943586301889004
0.023608458705162857
0.08059920609703232
0.16117910670502575
0.005907348660432185
0.6655395656432306
0.7141500154385975
0.00208666673647519
0.008148011780999378
0.006194104135344428
0.021927960519498326
0.9906854014403004
0.012929247989029792
0.0060841450177868475
0.2190779799827006
0.11201025813685413
0.02324671753805696
0.0965731933402452
0.03454540912007395
0.9543536497945777
0.06887947865762215
0.7388646376116146
0.548553068632835
0.05156424944901837
0.0026856272024313814
0.01633325619210049
0.12179683102306688
0.07982103676738259
0.0006069529074342624
0.015032764237516216
0.012576964194855341
0.10512618606006942
0.010122008597307648
0.9033205586430273
0.0725702353843131
0.07659498152244427
0.001019629657689043
0.43409381249450946
0.059817073863620555
0.10629287200474775
0.01894460293058978
0.010885669164994416
0.19707890083087287
0.007739177948059311
0.307172062994907
0.0074101689678390875
0.012414197629532886
0.8947098346792693
0.7317991664162269
0.09935458065646037
0.3597120475754623
0.20914613698416276
0.9269697013909131
0.03239416123913959
0.8974667757120044
0.020026254066701152
0.009318443533921748
0.027199974923861635
0.004812377253858536
0.6107785727174214
0.03847152848874583
0.9310694048617779
0.3139640082385786
0.4898887584147321
0.015601666304932617
0.6346538944052628
0.5326079944133101
0.23836240227718727
0.5044346929595601
0.0004215101421947243
0.0582861446014154
0.15056618827887475
0.14400097242317844
0.13137500973775737
0.7256377994517828
0.024960383688213704
0.015376020551709469
0.24074070790247523
0.051158134618153536
0.35900582111795903
0.014812319707167015
0.26517309344015855
0.023733530440265105
0.1293473042869755
0.0025458997321873788
0.09147773586189997
0.4187844461889428
0.6603751065944625
0.48662705009535207
0.10255394297880142
0.07846156738396898
0.0047136119080020645
0.49030529981780524
0.08471749881812585
0.9911582586504435
0.01729654517148444
0.020012594438134183
0.2138028676011786
0.018164337128904265
0.022414450840210154
0.015609654868014026
0.2822358718034822
0.0634131095970162
0.0035414758239018843
0.7612433425623835
0.1922205715461387
0.09824899314475567
0.009343865452797374
0.27158555329637357
0.009346220108366804
0.04632423857704356
0.04414584568195111
0.00565872216134563
0.09389403796243093
0.0038788234521239516
0.3841576750978052
0.37197902247136866
0.11498401945525469
0.015152542198171026
0.14231726399855316
0.001940785747041201
0.9848055954765925
0.009577689904301093
0.5599214190805759
0.3434436324451554
0.03688658148344807
0.01274056702747035
0.944446950055226
0.003027234642872128
0.048101612148836716
0.004308469399490171
0.0045770340340648
0.04009194432527794
0.05829179499973662
0.09486351240150748
0.7254450283827653
0.06208669148631788
0.9502823884831344
0.0005926976491675833
0.013625442253658271
0.0158719734408232
0.004059730686662961
0.1414847691528725
0.1555715489121792
0.0547817410277695
0.07894872393157386
0.30467885835851255
0.12956377816541406
0.02902527210677347
0.028186272112377998
0.06827422629265915
0.0063236900818218755
0.03680268556361691
0.09219269361769394
0.5874514544734982
0.08144900596715997
0.03670462035061862
0.03375235024056983
0.003321527188657524
0.04069735504737353
0.94311214042603
0.5594810866949386
0.4638008714866466
0.6986956376002353
0.03529473501265001
0.0021773762637325358
0.5533658539700825
0.01123089949841071
0.1604819108365796
0.06024746005066789
0.00452585608974127
0.9820931723898761
0.9658251626220082
0.7771408360253488
0.009051018122387735
0.05367147683050103
0.004868799817173436
0.000853749274541871
0.01410046693824413
0.5166373285149861
0.0676649663539592
0.03588516134328694
0.33174367018024964
0.3030098532881836
0.7312379058493086
0.016795423625179925
0.7736070059345279
0.0402500567504655
0.022601614732926434
0.01915503246993279
0.6780803115359079
0.07701797172834678
0.061848192999740474
0.0022743075969242285
0.5581062565297773
0.14171660504688602
0.03661820801237768
0.12390683405528145
0.016462572024898127
0.9837706345770187
6.892086482943065e-05
0.34454536194509305
0.392901310230352
0.09097703495965959
0.9806762038361855
0.807561399268828
0.6581531221886343
0.0025349836107535044
0.5262712616353232
0.02541543152407927
0.17080632048627878
0.21313449692328423
0.0160138043293067
0.04655795011405626
0.20601626093185832
0.1971043663193643
0.18221490577931668
0.11928047493768516
0.2230033104548286
0.3580453025135983
0.015222552138031299
0.18689353439207318
0.08889084010721843
0.7864758946807318
0.4394765397449774
0.011130763529162951
0.013293519319156556
0.026880031310374246
0.030769667165863077
0.13660925365918256
0.1000462191832528
0.811913859545456
0.02314726703378461
0.8349555999728905
0.4053179172739091
0.003940449481644204
0.7265169158363741
0.02701802767211938
0.006211222943292624
0.2115886474003738
0.2953730330700495
0.0931478816293366
0.09099260738229757
0.04752321510768289
0.012196221138139016
0.6251149778397068
0.02431403098223809
0.04695478031885256
0.09632495190576472
0.06360881583714857
0.4633456880783345
0.5495191359196049
0.6088570447278225
0.014801498068296538
0.05240087484347245
0.12663387449456145
0.4564092303566373
0.0709109021365236
0.02714279701182586
0.27318637736105367
0.024698648279973246
0.05413980965054683
0.44134623157838476
0.3100106156434298
0.9079170275609973
0.16549642000558507
0.004962129407973271
0.6214580152886926
0.18444198254811875
0.785287242311685
0.02379927401621683
0.03815714828836485
0.26652523495344793
0.01942932777629681
0.09539378589160494
0.004580798415088621
0.00025696406415495906
0.008648607595693254
0.0038101313082577917
0.2358283767360897
0.38845513652885766
0.0005166497841923742
0.28014892398440544
0.007788901247365728
0.006671366623964332
0.008095532606277722
0.21875822984322815
0.012434796073364875
0.008746376962496206
0.008909203576546367
0.025954875809482938
0.08057993774243491
0.9906729313616806
0.2211749156682729
0.786616708340861
0.13720487033332865
0.8747099664771438
0.33823803701255956
0.00024914533349087504
0.14726840470152774
0.7028356074084082
0.007936543645983642
0.0017526087311136188
0.1025728202944699
