0.0015532713332806552
0.04579778160148744
0.020441873619495145
0.14908390720856823
0.0023422482721961054
0.004581039768888053
0.06443731659628667
0.26907541545969466
0.1203850333112489
0.10842593264542667
0.014988190008055412
0.014077461933002734
0.035275473171953835
0.14412033107419908
0.0016951456080448964
0.07236186236338832
0.23545521442126185
0.8057982481269642
0.325980127870424
0.20444711967173423
0.0028491133200017446
0.08685668243332317
0.006586329663864029
0.04975681240361834
0.7005774160910775
0.3802413892296802
0.31720164628087943
0.06514251239820532
0.028672221102978124
0.012130984748056484
0.003087668996410379
0.05927371448722963
0.9998595996715972
0.04420042000983084
0.0018213775728705044
0.2822697608193398
0.02477183441437992
0.02544621689348649
0.00418649430135017
0.0005888925527326486
0.045049472951315735
0.048149246666492077
0.003394247859842118
0.35512026989481754
0.04659196886141277
0.00042968897549477427
0.7867782324021246
0.7827144257841638
0.006500815590188928
0.0006770795137416606
0.20978857361057748
0.21226845506564754
0.014408103622655962
0.2590532936400357
0.04776544522356071
0.0019321042243524511
0.006264755875200723
0.999884800183412
0.046776018011612214
0.09156803542002855
0.02870791770117523
0.29264642047835177
0.9481440713543462
0.00713812619086413
0.24144375947083468
0.13172552255401776
0.08283051136201605
0.8607572091981192
0.6093363810407942
0.9932445141718483
0.01286942959213528
0.11389478386979913
0.018437332085141294
0.004402195739634129
0.3341134124390553
0.01392565155637986
0.052146177045235866
0.011607953982968159
0.01969258939714284
0.08199997863051095
0.0003842953104193349
4.11206768893161e-05
0.673375945085924
0.13102201729481722
0.0947622089215953
0.02534099864211988
0.06983950467154122
0.032665663228851796
0.030864507520857256
0.06520704579196346
0.01386232082940522
0.053250302624901484
0.1649614954122757
0.03671156324820512
8.327350952997537e-05
0.7575603754084396
0.24506749851303306
0.8884228787476535
0.005654270656588439
0.028325704897792358
0.00450520492583243
0.2820331007710609
0.014898061511810218
0.010911741169014342
0.01855728734616699
0.7894053023682726
0.04962317909394361
0.975343265985189
0.21664360696546744
0.9449459881110291
0.13353674908951887
0.0036527353922138008
0.4800607830115273
0.08777821641027347
0.6421141770775969
0.9852131850375355
0.000862230061715272
0.5611121084816725
0.004135535124146829
0.3500564364430985
0.024236499135810358
0.1702201335074856
0.01162553647631911
0.002862861875273603
0.12152529291290962
0.002632754833371064
0.005685111921202195
0.008176755971871721
0.2721139285175644
0.008739576752727024
0.5023629040607818
0.07025958660770631
0.007754168137395593
0.04772747524386559
0.35615292353462896
0.4105912022096329
0.006508173491406144
0.9999051400035178
0.0041066429537294806
0.006519268356767355
0.1702257697389483
0.09865081403884225
0.06709980181082843
0.8418019600286899
0.013177986980662313
0.0012362589400759668
0.0003034769541033585
0.02489356500039419
0.04622447779030447
0.10709169602453943
0.022590781963705567
0.012124931439182285
0.007354779497921124
0.003492357654329355
0.09192576054854751
0.9042949676976534
4.523069326603439e-05
0.00514273185051222
0.46750077228198056
0.06314963617318943
0.003740891398155436
0.038675639904872224
0.6282800305596922
0.0024896404500004527
0.02274128642465422
0.0011159864183980168
0.07902388874300867
0.002524258504414762
0.016413927528091805
0.23337646398518683
0.008654834476339713
0.6255698971950159
0.004417604488848217
0.38461532735199305
0.0005929583776164924
0.1122025050504919
0.13424933382285875
0.04432860778496992
0.011062917263743095
0.0009305755760437531
0.07928685845723812
0.012358621417420935
0.010932137997294766
0.38748962898512834
0.14651901417627564
0.2191276014850774
0.8880764421077967
0.0010794045643857005
0.9281280441521084
0.6683061590173099
0.6560391411763219
0.0174578935281797
0.0018377215634197935
0.010018694347176187
0.5415613325773023
0.0353092593743042
0.00073297184287482
0.002634811998052283
0.11649799653847176
0.030286038242740756
0.0025618574479196222
0.1490834054209038
0.0021585554484257084
0.0008377290198766632
0.40038135590367674
0.005692536291970008
0.999995499734332
0.10685941833621836
0.3417720324347578
0.014914742181076666
0.049320913951459176
0.09646177463631911
0.35961777500136227
0.004395070725526799
0.00221271339328597
0.04795736611518972
0.9721458607077215
0.007298505799603484
0.9310523341779184
0.030370107249516182
0.001199022372092813
0.7373860101504837
0.9653610279834614
0.8668024784913421
0.8567843414788407
0.6894713664110321
0.0013361440135247907
0.0576060667019798
0.005998660967976351
0.19592166413780648
0.009158075623272708
0.048223605184109876
0.00018915782269869285
0.003927327147445605
0.958957032335555
0.863858824325365
9.325933678866938e-05
0.011064918093009529
0.01705895920974355
0.181570108222501
0.2647389435849997
0.02384604737429615
0.9885816477941808
0.002560573585357027
0.18345677834144555
0.002711859236198286
0.05737232566110343
0.0022703982116038537
0.000981923172597201
0.009497391530782825
0.07308826213766591
0.19401189419017803
0.0026281294563239572
0.018038657199489674
0.7352266174223656
0.0016504488069742282
0.49420558233454104
0.168024710145363
0.02913770850141481
0.003049020984877637
0.00853415551530153
0.07925042646374104
0.0021853891178867406
0.5676118332747806
0.0075224020580036115
0.19664378774951477
0.00016230961911212866
0.01490426226793988
0.09846820191169545
0.5836349916742457
0.06506088089224253
9.463579907081851e-05
0.4953770820282191
0.9420997242318734
0.00011304233198621576
0.9099029744661251
0.0008709724545493861
0.11256698891742621
0.09832253694128561
0.08040182378715909
0.10156499587480103
0.0058203402122692606
0.0018610116657124412
0.025610934436845204
0.0942992824269939
0.13724115641865642
0.025541793868846367
0.19353928884453828
0.24090251537996793
0.0006927909483561059
0.9504212742706714
0.0026518859847967395
0.0029790549145373556
0.022435056492571617
0.08944534015846238
0.08626365472402758
0.00010637698279671262
0.005739780313800968
0.46284382504557636
0.03723974009720037
0.2494699783696729
0.05841503927409891
0.009133615914054868
0.01637519505333061
0.006217594832214936
0.05050958441201796
0.4327832145191897
0.9166476949464164
0.06088685483406033
0.38961827369739055
0.9785969848505911
0.2218230672965995
0.00185690914462201
0.2064348194594408
0.006387117993990217
0.0009671575622135148
0.12580697637936675
0.23508030406754613
0.9824065555747002
0.02977466226071441
0.9596660730854985
0.05656550103235199
0.0015481473444168522
0.027793381037830127
0.19957199346494991
0.47504892421097733
0.002057313659176124
0.404751682720287
0.006497951210609066
0.018567269399879308
0.5333884697842454
0.21657039822679622
0.04190437146936235
0.21042607281763898
0.012147432938904098
0.002170282089242304
0.017234553560858377
0.0008524549205157558
0.627711473709594
0.009395208320104763
0.05431809405883636
0.9915555663107638
0.0735759615059361
0.021816475790769903
0.000623588577110818
0.02193053049347209
0.44702727879574117
0.987334870396331
0.9349121544390715
0.0027401168147607484
0.05854557905180086
0.0015856357085450754
0.6955307165282206
0.09088353363065717
0.0533555196740845
0.2464035462021173
0.022861374117828036
0.00892978951073382
0.4261791241039517
0.0031217894828575905
0.00571399813580844
0.16006335426550913
0.019294424100649663
0.10648871057649842
0.01106358120390269
0.00023990694542371324
0.0724499978872076
0.9964066070009616
0.005418301403906782
0.989085797340646
0.0008011079607797713
0.0007642519302718648
0.08696529023491927
7.89480860178798e-05
0.037362719054397586
0.0073287747795334
0.009580784849239098
0.8443032873094815
0.003738788328620871
0.5490668576008825
0.0023608354496527026
0.00025311446114108433
0.0012846861291433396
0.00200239861340593
0.18248154480337028
0.06446565465585016
0.003278137087706528
0.7058742422593902
0.17155542952760497
0.01147291270101265
0.01106881271675831
0.033794045202390544
0.038632469938365145
0.009603896738478722
0.0018935367292402827
0.02723734105066708
0.01531977442754365
0.7927719145792168
0.030053273526373086
0.010570084908267812
0.07612295686070766
0.04195884832640289
0.08015945667613324
0.003611669598936749
0.002169363411513401
0.000595145127221063
0.2848676954037031
0.9922055991035637
0.23366528101926745
0.8854484359872048
0.3880921844536617
0.2070567061506877
0.14128477995605265
0.18801665061130746
0.0001448397816760358
0.20534026164910965
0.002324001695285119
0.06224018536623333
0.6766341593108012
0.09982464492970652
0.0006934414613941429
0.14324479669315598
0.5642176792721347
0.6724556778009138
0.0462794970980406
0.9313878192696843
0.0005209476655221066
0.01241419677237005
0.016751988559477436
0.10765964468845242
0.005060295587727902
0.6074368697729644
0.03280112912492099
0.33682550847940207
0.008626707617867721
0.17106958625454927
0.003139495183705296
0.00025900056933058084
0.07612549138087514
0.1338236652738961
0.00042939579055996727
0.00843524334406756
0.9720568766851324
0.008081737285985142
0.035608436148119406
0.4336265932414576
0.5402101638100932
0.8880174667827895
0.0006956244581699652
0.17301992930642304
0.004340738140282943
0.0006988165233388442
0.18696473468431232
0.023387053525958514
0.003064078549034652
0.00043561108265960385
0.9998595995544609
0.004953845737449366
0.06354966179776865
0.13765073090083474
0.07143508413337595
0.02080095265559071
0.0025226895384067457
0.25180449291141493
0.013252469051396027
0.0001333957084372671
0.02496721918411353
0.02597461323099153
0.02728453139440695
0.19624773471883092
0.0009772048041219656
0.5745237127377233
0.9622687112955903
0.006542914041221849
0.008479876920885516
0.3477300216864325
0.23465185942397854
0.0006172554120664166
0.0006496557535625042
0.0017232355214795321
5.768332016180992e-05
0.9013832705658642
0.027593894302932402
0.01006897407106768
0.06083786467617782
0.00026085330384743367
0.0003812787650917419
0.030103047520956307
0.260466484815067
0.15319245526302677
0.04463367765362857
0.006401017557626329
0.0029191781788701254
0.046359835598995
0.00025333219700774713
0.00455123125860754
0.037279285592342885
0.2251357530008202
0.18222519967190245
8.514429889054134e-05
0.010112982415919174
0.14573131109816378
0.001876076017761689
0.023174733788654877
0.7931120627717101
0.005311931590583167
0.006366591547484795
0.8775830765819798
0.027245175542874794
0.9862323088473284
0.07749683227467509
0.0012924894467463827
0.028649880914874238
0.25796396137418715
0.09053711516828129
0.002745596787628274
0.6050537745575503
0.07283316327147228
0.5256783025712769
0.0218889412483838
0.0013123903160298506
0.003972807602710731
0.0753311558582595
0.09664832786363255
0.08526146285428936
0.31879812869447227
0.20508324207546288
0.009852115908524934
0.9524863285450051
0.01231684358066826
0.24829459349549587
0.0021078547617729903
0.018056574476408647
0.9921008937724011
0.02283554276041133
0.006641828012787317
0.009753763589067066
0.14939875781531792
0.28234786276822016
0.02192209554650133
0.1318249468816646
0.043219692033338336
0.00867770592210526
0.03478524710612495
0.45413758486862865
0.3338006311591678
0.06815199015410427
0.9872527086518271
0.013291340495503486
0.004531552843380338
0.15610910819943852
0.27060855594297983
0.9514291340170942
0.6692242877863764
0.0013678760542611473
0.028185119820492818
0.0031027660501211415
0.29029198113335203
0.17440857143056387
0.06427569667850154
0.20474603715365886
0.10094693703037849
0.05455386627043606
0.0006302902119814461
0.13619965068839857
0.5213521060583675
0.9961728764281917
0.007913530135426254
0.11411681183660306
0.170294489473379
0.1435351166388805
0.07971792761471039
0.921889276473812
0.2648763915086896
0.07566714365843782
0.04960753380257494
0.6702111866180538
0.11789682231001807
0.054003712006032344
0.003749127806756826
0.00038183551860803837
0.9955610881242244
0.9900835932460549
1.7483283305954903e-05
0.023919799320580176
0.15874362933057798
0.001287004580714428
0.049449288488023116
0.0035973434621701197
0.714699457569423
0.2516133581264179
0.0111859251345554
0.2953879404343846
0.013401860624388535
0.06421776525181117
0.34303954429737044
0.002444041963200432
0.28689603944536385
0.167157198366163
0.13377826723367306
0.01125538751832353
0.9909818035209113
0.01235707523829665
0.07767958584936603
0.24957844781806152
0.5651857525533645
0.7219785537938131
0.9056497878964542
0.03648812308811099
0.041328317777939765
0.8921725259531486
0.10994923691224877
0.7617006433165135
0.9806089580235026
0.40150801893975824
0.07933256649239193
0.0028551533313563265
0.04208678566525252
0.8445977023857691
0.3521453842558366
0.48988432883281857
0.004464942158694431
0.00523526840960698
0.954835285676316
0.001352258034365353
0.05471976535004108
0.9781014833502684
0.2881992762433603
0.3311276968048275
0.09159317640442668
0.5312498737606647
0.7801058845398897
0.02480204839798822
0.35654922418577145
0.051985906839331665
0.15444256116488653
0.435746826849533
0.7461070139688758
0.009503702232061631
0.022620096093727678
0.1930079127556429
0.0006466097295338599
0.06779010357475176
0.11459878155175257
0.014338510894884538
0.16791629960578575
0.7287792293257707
0.4829502391536838
0.03919499136462902
0.0005386275225216523
0.6460463270039266
0.007294057875438032
0.07298797245125592
0.9537658143977977
0.30588291283640007
0.937502582835713
0.9597824662812046
0.4677139477981221
0.26636650324257205
0.012537503895793882
0.042629864078929755
0.009947344660100815
0.04136784971255705
0.10550219440064947
0.0013374489123089382
0.4799008289872719
0.4588932242873283
0.0007068017072877271
0.0048954569248491
0.0073167409643568
0.014929040934016388
0.9987320238976958
0.005797942671872866
0.005618144463295621
0.2943052382187028
0.04053215667149252
0.01356164847512405
0.046904417742611455
0.03213146813596369
0.9919301310279677
0.05237761744352953
0.9039273883859299
0.635740223937977
0.10141882587540288
0.014869404454891067
0.06728399215560735
0.07255435401749877
0.05713193353558659
0.00010219040966080305
0.10849347285430744
0.03423792056496201
0.04776986286998459
0.001294315823494749
0.9648454007998142
0.0985164010664541
0.23279817342590506
0.0003683161397591481
0.5664437406006455
0.07059413567844196
0.02501113577881277
0.004714467132867123
0.0059860173297135505
0.42571106333858993
0.0058384482722188095
0.13112951826351213
0.009525733770668555
0.004235955729214906
0.9694135634687545
0.3244755935833013
0.05074546764964304
0.11777974313797071
0.3527111155240144
0.9725763874938965
0.01696735169991184
0.8607620455965349
0.035398669741652455
0.018348632291590103
0.03997008430075747
0.002583706355845184
0.7111541926046314
0.09165028232316105
0.9552321126991232
0.10147436426240772
0.45821691192862063
0.009174845447300435
0.7882958700128191
0.8717505449127669
0.3990904959050192
0.6047664830310608
0.00017697481242280748
0.0877715959681448
0.42817751995184566
0.07339578026440331
0.21519297036883447
0.6868999390908538
0.008827737357379135
0.0014246539613316936
0.09085632311666553
0.010399053470500737
0.1168451584937789
0.0018952668292498936
0.1439305950637267
0.015534893136811258
0.19634045965248326
0.0028611912667457695
0.19464784892956083
0.36294403665771735
0.8684798451014726
0.32337825077287397
0.05375784411707477
0.16279463693827054
0.0019704530250714853
0.45446845144553916
0.28940593361419015
0.9910519175756916
0.034120321874395655
0.02478579529868888
0.24990572285761975
0.004290666349314971
0.02425282079783331
0.001753213979763602
0.07589434620767418
0.1558480051772003
0.003254103219686026
0.8119736237045964
0.1419984673083238
0.3886433686523607
0.013803127626457988
0.33817546358530515
0.007803543583437683
0.021534080090073408
0.02180078145313725
0.003978474778223386
0.11044695209796408
0.0005832905222457206
0.8319963750176599
0.2744715485619997
0.015427246470409686
0.04166560841867777
0.06465162753462404
0.0012605430749814588
0.9094709058932507
0.011056159762406762
0.620345296778842
0.5700004886287651
0.009860736726149557
0.010536509765495097
0.9863621503881327
0.009172025012116199
0.07723203917565197
0.008370540680365891
3.340400274935145e-05
0.010029453928830728
0.010326118769705054
0.1538856636589293
0.7752095894475103
0.04131819380081156
0.9880334276347018
0.00020259919408827502
0.021971274198340867
0.008592213766034501
0.0014460622976911748
0.19362254033401025
0.38628994584484544
0.0772625315414235
0.0902524786773516
0.31872172709359375
0.17078607242941846
0.012945038309864595
0.023109547917534917
0.055255356441501986
0.0009937095794925663
0.005490901905830845
0.09851532123452426
0.38362426210383865
0.022097478584741564
0.013242176635638331
0.08406119085397162
0.0007963796319195902
0.07525395113592293
0.9061538025569064
0.7958776432466217
0.17067186361808792
0.7695359718171585
0.04250744228776376
0.0004764316402844508
0.4863996224464581
0.001782851475238899
0.0991947326345268
0.0643135594465378
0.002068409904351032
0.9295602527273397
0.9760314663367238
0.9277670472036113
0.009854902925508223
0.04466940307296402
0.0031500206233933212
0.0005254696167586128
0.01940440249153747
0.16341534155688953
0.024656370856992352
0.05523437080518439
0.20863022737689815
0.49035550231505115
0.8851121297453154
0.013315411686421972
0.8795513212288326
0.13769848128351925
0.08966389385840291
0.014962154305327269
0.740462297200333
0.03509120332296131
0.001967938276374536
0.0006548558952208181
0.5686521671067116
0.2191333260136716
0.027052240530908746
0.0667092705055889
0.0016066338930489383
0.9899877883359983
2.1383009347012155e-06
0.36713079510839364
0.7048442986099867
0.049363346774187924
0.9700425342222356
0.8599268549506095
0.7225645033382723
0.0002537020773345579
0.6983013102585932
0.005181904112353131
0.14389926825950575
0.030905966482193237
0.006301409222263048
0.02712189639831082
0.4645961759058232
0.04441611633647888
0.08765410681626983
0.04733825555896455
0.7028201723375005
0.6295767045043947
0.007518938693727156
0.13228557422475354
0.10717950442624179
0.6997162445419967
0.3059797158508335
0.00276576754003926
0.0025197125386285327
0.002230392105661767
0.017366360176693744
0.02055913911358665
0.009733071668876332
0.8572052780060196
0.02877044786694139
0.8722363955046155
0.4027839164763153
0.0023083657596029514
0.42304326972397005
0.014436378549595195
0.008036811581754944
0.16918334238633936
0.5934266089433331
0.023144480310036065
0.06981159294690965
0.018759326355471007
0.0010694174807565579
0.6545186479074059
0.004538940036550619
0.009518270163881485
0.04418552183938738
0.03969397338289114
0.4113523805252195
0.5100194593831721
0.1793482201918535
0.0047720557256438366
0.012082536729943923
0.0726486353567861
0.4229420657209837
0.01842760388152057
0.019249386855617667
0.36442095673720515
0.029872303953784173
0.019433096463304638
0.385832887091709
0.669359548375845
0.929665038485086
0.05348107408303456
0.009757012255136357
0.7454988146431113
0.11370994865496074
0.8687829915857571
0.012391076096569663
0.03908987680119304
0.39060119425896755
0.004174971100093019
0.07245394569010426
0.002344039086344189
5.3737515982155125e-05
0.0050328133784876584
0.0013665628910669266
0.17471392146457268
0.21618335200969382
0.0008448634734958922
0.5134172888542629
0.00018846062953527492
0.000598207662355666
0.0023158542099389816
0.13213073346852583
0.002275714080864633
0.006013291857629068
0.0013411562170113297
0.043880299048612834
0.02980656995448337
0.9936683785513513
0.14832890601327464
0.5226651017309707
0.2918401893625759
0.9658603141061127
0.5011054493038167
7.894502999191211e-05
0.03604414168641591
0.7862113240281285
0.0038639332426645277
0.001085752536667332
0.1197679750506641
